Format:
           1) Time
           2) Maximal reconnection rate at closest pressure dip
           3) Distance from earth
           4) Rate from critical
           5) Distance from critical
2021-11-04_02:15:00   nan   nan   48.8642   8.5294
2021-11-04_02:10:00   nan   nan   44.8336   8.5294
2021-11-03_23:05:00   nan   nan   9.6145   9.8569
2021-11-04_03:25:00   nan   nan   25.6865   8.7744
2021-11-04_07:45:00   nan   nan   2.6020   5.7765
2021-11-03_23:00:00   nan   nan   8.8016   9.4409
2021-11-04_06:40:00   nan   nan   1.8898   6.2599
2021-11-04_05:10:00   nan   nan   5.5561   9.2716
2021-11-04_02:00:00   nan   nan   7.8140   8.3092
2021-11-04_00:55:00   nan   nan   8.7974   8.5065
2021-11-03_19:15:00   nan   nan   606.3629   13.0046
2021-11-04_02:30:00   nan   nan   26.7439   8.5294
2021-11-03_21:10:00   nan   nan   7.8587   8.5435
2021-11-03_21:00:00   nan   nan   11.3191   8.5435
2021-11-03_22:15:00   nan   nan   10.2405   8.7800
2021-11-03_23:25:00   nan   nan   11.7355   9.6575
2021-11-04_02:35:00   nan   nan   11.3655   8.5294
2021-11-03_22:05:00   nan   nan   13.9083   8.3655
2021-11-03_22:25:00   nan   nan   4.5171   8.7800
2021-11-03_21:20:00   nan   nan   7.4578   8.3532
2021-11-03_19:45:00   nan   nan   2652.9119   13.0141
2021-11-03_22:30:00   nan   nan   5.0001   9.1947
2021-11-04_00:05:00   nan   nan   13.2280   9.4962
2021-11-04_03:30:00   nan   nan   9.8500   8.3572
2021-11-03_19:35:00   nan   nan   772.2307   13.0141
2021-11-04_05:20:00   nan   nan   3.3344   9.0491
2021-11-03_22:50:00   nan   nan   11.4154   9.4246
2021-11-03_21:15:00   nan   nan   7.2525   8.7671
2021-11-03_23:45:00   nan   nan   13.0303   9.4767
2021-11-04_01:55:00   nan   nan   11.3381   8.1121
2021-11-04_05:15:00   nan   nan   5.4452   9.0491
2021-11-04_05:35:00   nan   nan   7.6425   8.8268
2021-11-03_23:30:00   nan   nan   9.1863   9.4583
2021-11-04_02:25:00   nan   nan   35.2456   8.5294
2021-11-04_05:00:00   nan   nan   6.6751   9.0491
2021-11-04_02:20:00   nan   nan   36.4614   8.5294
2021-11-03_21:30:00   nan   nan   10.2499   8.1648
2021-11-04_04:50:00   nan   nan   13.4155   8.8268
2021-11-03_19:25:00   nan   nan   1038.7391   13.0046
2021-11-04_04:30:00   nan   nan   7.3426   8.8268
2021-11-03_19:20:00   nan   nan   716.6553   13.0046
2021-11-03_23:10:00   nan   nan   9.7808   9.8569
2021-11-04_00:50:00   nan   nan   6.0292   8.7040
2021-11-04_03:30:00   nan   nan   9.8500   8.3572
2021-11-04_01:40:00   nan   nan   8.0740   8.7498
2021-11-04_05:15:00   nan   nan   5.4452   9.0491
2021-11-04_03:00:00   nan   nan   15.5551   8.5534
2021-11-04_01:15:00   nan   nan   10.4826   8.5294
2021-11-04_04:10:00   nan   nan   9.2223   8.8001
2021-11-04_06:25:00   nan   nan   1.2263   6.2599
2021-11-04_04:45:00   nan   nan   14.6913   9.0219
2021-11-03_21:05:00   nan   nan   15.9252   8.3421
2021-11-04_02:40:00   nan   nan   6.1490   8.5294
2021-11-04_01:30:00   nan   nan   14.3182   8.7498
2021-11-04_03:10:00   nan   nan   35.5245   8.7744
2021-11-03_23:15:00   nan   nan   10.3030   9.4409
2021-11-03_22:10:00   nan   nan   9.4966   8.3655
2021-11-04_00:40:00   nan   nan   11.9345   8.6828
2021-11-03_20:50:00   nan   nan   7.8751   8.5339
2021-11-03_19:40:00   nan   nan   1124.4114   13.0141
2021-11-04_02:50:00   nan   nan   10.3738   8.7498
2021-11-04_03:05:00   nan   nan   15.2211   8.5534
2021-11-04_01:50:00   nan   nan   52.9176   8.5294
2021-11-04_00:30:00   nan   nan   2.3579   9.2978
2021-11-03_22:55:00   nan   nan   11.9500   9.6405
2021-11-03_22:45:00   nan   nan   16.9013   8.9943
2021-11-03_21:45:00   nan   nan   7.6585   6.7338
2021-11-04_06:35:00   nan   nan   1.6753   6.2599
2021-11-04_06:00:00   nan   nan   11.6358   9.0491
2021-11-03_19:50:00   nan   nan   437.6109   13.0141
2021-11-03_22:10:00   nan   nan   9.4966   8.3655
2021-11-03_21:30:00   nan   nan   10.2499   8.1648
2021-11-04_05:05:00   nan   nan   6.7872   9.0774
2021-11-03_21:20:00   nan   nan   7.4578   8.3532
2021-11-04_06:10:00   nan   nan   5.1928   9.0491
2021-11-04_02:50:00   nan   nan   10.3738   8.7498
2021-11-04_04:05:00   nan   nan   8.7321   8.8268
2021-11-04_04:10:00   nan   nan   9.2223   8.8001
2021-11-03_21:50:00   nan   nan   4.5212   7.9642
2021-11-04_01:25:00   nan   nan   17.5988   8.7498
2021-11-03_23:25:00   nan   nan   11.7355   9.6575
2021-11-03_23:15:00   nan   nan   10.3030   9.4409
2021-11-03_20:20:00   nan   nan   17971.2055   13.0353
2021-11-03_23:35:00   nan   nan   13.8564   9.4583
2021-11-04_03:00:00   nan   nan   15.5551   8.5534
2021-11-04_03:20:00   nan   nan   15.4025   8.3572
2021-11-03_21:45:00   nan   nan   7.6585   6.7338
2021-11-04_04:15:00   nan   nan   8.6743   8.8268
2021-11-04_00:40:00   nan   nan   11.9345   8.6828
2021-11-04_01:35:00   nan   nan   36.2098   8.5294
2021-11-04_05:40:00   nan   nan   15.0336   9.2439
2021-11-04_06:30:00   nan   nan   1.6247   6.2599
2021-11-04_02:25:00   nan   nan   35.2456   8.5294
2021-11-04_05:20:00   nan   nan   3.3344   9.0491
2021-11-03_23:30:00   nan   nan   9.1863   9.4583
2021-11-03_21:35:00   nan   nan   5.4659   8.3655
2021-11-04_03:50:00   nan   nan   15.6783   8.8001
2021-11-04_05:25:00   nan   nan   5.9114   8.8268
2021-11-04_00:45:00   nan   nan   12.2610   8.4848
2021-11-03_23:40:00   nan   nan   11.4544   9.6756
2021-11-04_02:45:00   nan   nan   8.7014   8.7498
2021-11-04_07:30:00   nan   nan   7.8252   8.9957
2021-11-04_06:45:00   nan   nan   1.7205   5.8453
2021-11-03_20:25:00   nan   nan   836.5072   12.9881
2021-11-04_06:55:00   nan   nan   1.8849   6.0350
2021-11-03_22:25:00   nan   nan   4.5171   8.7800
2021-11-04_02:10:00   nan   nan   44.8336   8.5294
2021-11-04_02:45:00   nan   nan   8.7014   8.7498
2021-11-04_04:00:00   nan   nan   15.2674   9.0219
2021-11-04_01:45:00   nan   nan   55.3411   8.5294
2021-11-03_23:40:00   nan   nan   11.4544   9.6756
2021-11-04_03:20:00   nan   nan   15.4025   8.3572
2021-11-04_04:20:00   nan   nan   8.4414   8.8268
2021-11-04_05:00:00   nan   nan   6.6751   9.0491
2021-11-03_19:30:00   nan   nan   369.6932   13.0046
2021-11-04_02:20:00   nan   nan   36.4614   8.5294
2021-11-03_21:25:00   nan   nan   9.4677   8.3655
2021-11-04_03:45:00   nan   nan   7.5947   8.7744
2021-11-03_22:35:00   nan   nan   6.5301   9.1947
2021-11-04_00:45:00   nan   nan   12.2610   8.4848
2021-11-04_04:35:00   nan   nan   9.1694   8.8268
2021-11-03_21:40:00   nan   nan   4.5196   8.3655
2021-11-03_23:50:00   nan   nan   16.5216   9.4583
2021-11-03_20:10:00   nan   nan   176.3822   12.8463
2021-11-04_01:40:00   nan   nan   8.0740   8.7498
2021-11-03_18:30:00   nan   nan   209.6970   12.9881
2021-11-03_21:25:00   nan   nan   9.4677   8.3655
2021-11-03_23:55:00   nan   nan   17.0308   9.4583
2021-11-04_06:50:00   nan   nan   2.5539   6.0350
2021-11-04_01:05:00   nan   nan   12.1549   8.7264
2021-11-03_22:00:00   nan   nan   15.6472   8.5794
2021-11-04_02:40:00   nan   nan   6.1490   8.5294
2021-11-04_07:40:00   nan   nan   1.9910   6.0009
2021-11-04_05:55:00   nan   nan   11.6501   9.0491
2021-11-04_05:05:00   nan   nan   6.7872   9.0774
2021-11-03_23:20:00   nan   nan   9.9938   9.4583
2021-11-04_07:20:00   nan   nan   5.1216   8.9957
2021-11-04_03:40:00   nan   nan   7.7166   8.5785
2021-11-04_04:30:00   nan   nan   7.3426   8.8268
2021-11-04_01:00:00   nan   nan   18.3609   8.7264
2021-11-03_19:10:00   nan   nan   282.0455   12.9960
2021-11-04_05:10:00   nan   nan   5.5561   9.2716
2021-11-04_01:00:00   nan   nan   18.3609   8.7264
2021-11-04_02:05:00   nan   nan   35.6241   8.5294
2021-11-03_23:20:00   nan   nan   9.9938   9.4583
2021-11-03_21:35:00   nan   nan   5.4659   8.3655
2021-11-04_01:20:00   nan   nan   20.4347   8.7498
2021-11-03_22:35:00   nan   nan   6.5301   9.1947
2021-11-04_03:40:00   nan   nan   7.7166   8.5785
2021-11-03_18:55:00   nan   nan   138.5838   12.9960
2021-11-03_18:45:00   nan   nan   245.4622   12.9960
2021-11-04_00:00:00   nan   nan   16.9832   9.4583
2021-11-04_05:45:00   nan   nan   18.2709   9.2439
2021-11-04_04:55:00   nan   nan   9.6945   8.8268
2021-11-04_03:45:00   nan   nan   7.5947   8.7744
2021-11-04_01:05:00   nan   nan   12.1549   8.7264
2021-11-04_07:00:00   nan   nan   2.1996   6.6083
2021-11-04_06:15:00   nan   nan   2.7981   9.0491
2021-11-04_02:30:00   nan   nan   26.7439   8.5294
2021-11-03_22:00:00   nan   nan   15.6472   8.5794
2021-11-04_01:10:00   nan   nan   13.2972   8.5294
2021-11-03_22:40:00   nan   nan   7.5563   9.4246
2021-11-03_21:55:00   nan   nan   13.5939   8.3655
2021-11-03_20:30:00   nan   nan   5.0717   9.5422
2021-11-04_01:25:00   nan   nan   17.5988   8.7498
2021-11-03_20:55:00   nan   nan   13.1001   8.3323
2021-11-04_02:35:00   nan   nan   11.3655   8.5294
2021-11-04_07:35:00   nan   nan   1.9867   6.2254
2021-11-04_04:45:00   nan   nan   14.6913   9.0219
2021-11-04_04:25:00   nan   nan   8.7594   8.8001
2021-11-04_07:15:00   nan   nan   4.3074   8.9957
2021-11-04_04:55:00   nan   nan   9.6945   8.8268
2021-11-03_19:00:00   nan   nan   181.9380   13.2155
2021-11-04_00:55:00   nan   nan   8.7974   8.5065
2021-11-04_03:10:00   nan   nan   35.5245   8.7744
2021-11-04_02:55:00   nan   nan   13.9145   8.5534
2021-11-04_00:25:00   nan   nan   7.4906   9.0794
2021-11-03_21:10:00   nan   nan   7.8587   8.5435
2021-11-03_20:15:00   nan   nan   760.6237   13.0471
2021-11-04_01:45:00   nan   nan   55.3411   8.5294
2021-11-04_03:55:00   nan   nan   18.1582   8.8001
2021-11-03_20:05:00   nan   nan   91.7246   12.8463
2021-11-03_18:35:00   nan   nan   250.7190   12.9881
2021-11-03_19:55:00   nan   nan   5881.8353   13.0243
2021-11-04_04:40:00   nan   nan   10.2832   8.8268
2021-11-04_00:10:00   nan   nan   17.6065   9.0420
2021-11-04_01:20:00   nan   nan   20.4347   8.7498
2021-11-04_01:10:00   nan   nan   13.2972   8.5294
2021-11-03_22:55:00   nan   nan   11.9500   9.6405
2021-11-03_22:20:00   nan   nan   6.2343   8.7800
2021-11-03_21:55:00   nan   nan   13.5939   8.3655
2021-11-03_20:35:00   nan   nan   4.4680   9.1309
2021-11-04_03:15:00   nan   nan   30.3189   8.5785
2021-11-03_22:50:00   nan   nan   11.4154   9.4246
2021-11-04_00:35:00   nan   nan   2.6158   8.8810
2021-11-04_01:30:00   nan   nan   14.3182   8.7498
2021-11-03_22:40:00   nan   nan   7.5563   9.4246
2021-11-04_04:20:00   nan   nan   8.4414   8.8268
2021-11-04_06:05:00   nan   nan   7.8966   9.0491
2021-11-03_20:45:00   nan   nan   0.4751   8.7355
2021-11-03_22:15:00   nan   nan   10.2405   8.7800
2021-11-04_04:00:00   nan   nan   15.2674   9.0219
2021-11-04_00:15:00   nan   nan   19.8581   9.4767
2021-11-04_00:20:00   nan   nan   12.5077   9.0602
2021-11-04_00:10:00   nan   nan   17.6065   9.0420
2021-11-04_00:35:00   nan   nan   2.6158   8.8810
2021-11-03_21:15:00   nan   nan   7.2525   8.7671
2021-11-04_03:35:00   nan   nan   18.1767   8.7744
2021-11-04_06:20:00   nan   nan   3.1802   9.0491
2021-11-03_23:10:00   nan   nan   9.7808   9.8569
2021-11-04_00:20:00   nan   nan   12.5077   9.0602
2021-11-04_04:50:00   nan   nan   13.4155   8.8268
2021-11-04_07:10:00   nan   nan   5.7164   9.2173
2021-11-04_04:25:00   nan   nan   8.7594   8.8001
2021-11-03_21:40:00   nan   nan   4.5196   8.3655
2021-11-03_22:20:00   nan   nan   6.2343   8.7800
2021-11-04_02:15:00   nan   nan   48.8642   8.5294
2021-11-03_19:05:00   nan   nan   159.0511   12.9960
2021-11-04_00:25:00   nan   nan   7.4906   9.0794
2021-11-03_21:50:00   nan   nan   4.5212   7.9642
2021-11-04_00:30:00   nan   nan   2.3579   9.2978
2021-11-03_20:40:00   nan   nan   4.6407   8.9371
2021-11-03_23:35:00   nan   nan   13.8564   9.4583
2021-11-04_05:50:00   nan   nan   16.8143   9.2439
2021-11-03_20:00:00   nan   nan   1753.2396   13.0471
2021-11-04_03:25:00   nan   nan   25.6865   8.7744
2021-11-04_07:25:00   nan   nan   9.5517   8.9957
2021-11-03_23:55:00   nan   nan   17.0308   9.4583
2021-11-03_22:05:00   nan   nan   13.9083   8.3655
2021-11-04_05:30:00   nan   nan   7.5750   8.8268
2021-11-04_01:35:00   nan   nan   36.2098   8.5294
2021-11-04_04:05:00   nan   nan   8.7321   8.8268
2021-11-04_00:50:00   nan   nan   6.0292   8.7040
2021-11-04_03:05:00   nan   nan   15.2211   8.5534
2021-11-03_22:30:00   nan   nan   5.0001   9.1947
2021-11-03_18:40:00   nan   nan   283.9431   12.9960
2021-11-04_02:00:00   nan   nan   7.8140   8.3092
2021-11-04_01:55:00   nan   nan   11.3381   8.1121
2021-11-03_23:50:00   nan   nan   16.5216   9.4583
2021-11-04_04:35:00   nan   nan   9.1694   8.8268
2021-11-03_23:45:00   nan   nan   13.0303   9.4767
2021-11-04_03:50:00   nan   nan   15.6783   8.8001
2021-11-04_03:35:00   nan   nan   18.1767   8.7744
2021-11-04_00:05:00   nan   nan   13.2280   9.4962
2021-11-04_01:50:00   nan   nan   52.9176   8.5294
2021-11-03_23:00:00   nan   nan   8.8016   9.4409
2021-11-04_00:00:00   nan   nan   16.9832   9.4583
2021-11-03_22:45:00   nan   nan   16.9013   8.9943
2021-11-04_03:55:00   nan   nan   18.1582   8.8001
2021-11-04_03:15:00   nan   nan   30.3189   8.5785
2021-11-04_04:40:00   nan   nan   10.2832   8.8268
2021-11-03_23:05:00   nan   nan   9.6145   9.8569
2021-11-04_01:15:00   nan   nan   10.4826   8.5294
2021-11-04_00:15:00   nan   nan   19.8581   9.4767
2021-11-04_04:15:00   nan   nan   8.6743   8.8268
2021-11-04_07:05:00   nan   nan   7.7427   9.2173
2021-11-04_02:55:00   nan   nan   13.9145   8.5534
2021-11-03_18:50:00   nan   nan   193.6082   12.9960
2021-11-04_02:05:00   nan   nan   35.6241   8.5294
