Format:
           1) Time
           2) Maximal reconnection rate at closest pressure dip
           3) Distance from earth
           4) Rate from critical
           5) Distance from critical
2024-03-03_21:20:00   711.3450   12.5168   49.4664   13.1572
2024-03-03_08:15:00   2.6461   14.0313   211.8036   13.0872
2024-03-03_12:55:00   41.1287   13.3734   6.3793   8.9061
2024-03-03_08:10:00   646.7134   14.0687   116.0427   13.0872
2024-03-03_14:30:00   833.1603   12.8416   105.1755   13.5596
2024-03-03_17:05:00   735.1942   12.5185   51.2402   13.3595
2024-03-03_11:50:00   75.2105   13.6673   6.0318   9.3207
2024-03-03_18:30:00   1406.1817   12.6520   86.1869   13.1572
2024-03-03_05:05:00   258.2237   14.0777   13.5781   13.1513
2024-03-03_20:40:00   327.2423   12.5736   32.8654   13.1549
2024-03-03_12:05:00   28.3492   13.5249   4.8021   9.3207
2024-03-03_12:10:00   23.3176   13.5249   4.2979   9.1140
2024-03-03_09:25:00   4878.6528   14.3036   2196.9969   13.0243
2024-03-03_13:45:00   163.8539   14.1892   15.0174   9.5120
2024-03-03_05:00:00   179.6276   14.2475   37.7313   13.1341
2024-03-03_11:10:00   127.4221   13.5516   69.9090   13.7888
2024-03-03_12:00:00   43.2476   13.5211   6.2463   9.1185
2024-03-03_08:00:00   3.3979   13.8293   38.3857   13.1020
2024-03-03_06:55:00   160.4405   13.8499   17.6541   13.1177
2024-03-03_01:15:00   3598.9922   14.4103   394.2916   13.0471
2024-03-03_08:30:00   8213.7605   14.2114   2195.3903   13.0731
2024-03-03_03:10:00   2798.3788   14.1303   243.7935   13.1341
2024-03-03_17:25:00   2156.3497   12.7684   63.5186   13.1572
2024-03-03_11:45:00   59.8151   13.5292   5.5389   9.3207
2024-03-03_03:00:00   7084.3956   14.3139   439.0882   13.1177
2024-03-03_16:50:00   1230.7673   12.9610   53.5452   13.3595
2024-03-03_21:25:00   2786.9367   12.5761   73.8870   13.1572
2024-03-03_21:45:00   153916.8703   12.7708   148.0498   13.1595
2024-03-03_04:15:00   515.6094   14.2081   31.7072   13.1513
2024-03-03_05:25:00   173.2366   14.2475   38.0334   13.1341
2024-03-03_08:35:00   1.5478   14.3661   1194.2067   13.0597
2024-03-03_04:05:00   600.2122   14.1678   91.7072   13.1341
2024-03-03_04:25:00   2.8226   13.9053   83.0085   13.1513
2024-03-03_03:20:00   2.3004   13.8861   264.6211   13.1341
2024-03-03_21:40:00   53839.8379   12.8464   165.2590   13.1595
2024-03-03_01:45:00   4921.8870   14.2888   398.5182   13.0731
2024-03-03_04:30:00   580.1978   14.0122   80.4917   13.1513
2024-03-03_06:05:00   141.9178   14.0277   22.8392   13.1341
2024-03-03_22:50:00   69.6010   13.0021   16.8108   13.3848
2024-03-03_22:45:00   117.0952   12.7414   28.2457   13.3787
2024-03-03_09:30:00   4985.7482   14.3036   2535.6074   13.0243
2024-03-03_01:35:00   3655.8704   14.4103   331.1181   13.0597
2024-03-03_19:00:00   11319.7537   12.7059   136.8135   13.1556
2024-03-03_04:50:00   343.9845   14.1788   52.6032   13.1341
2024-03-03_03:15:00   2.0530   14.1070   339.7130   13.1341
2024-03-03_05:45:00   159.3916   14.0277   30.9977   13.1341
2024-03-03_21:55:00   6850.2521   12.5209   78.6199   13.1595
2024-03-03_07:55:00   207.3270   14.1593   31.2331   13.1020
2024-03-03_11:15:00   146.0474   14.4858   88.0000   13.7888
2024-03-03_20:35:00   342.9199   12.3816   31.7593   13.1549
2024-03-03_17:50:00   12296.3412   12.7084   83.8884   13.1572
2024-03-03_05:30:00   271.2297   14.2526   36.3984   13.1341
2024-03-03_08:25:00   7717.2830   14.0563   1574.4582   13.0731
2024-03-03_11:00:00   86.9621   14.6503   17.1729   13.9908
2024-03-03_08:20:00   2.2342   14.2098   373.9516   13.0731
2024-03-03_21:05:00   562.5263   12.3999   40.5673   13.1556
2024-03-03_03:30:00   1090.9747   14.6054   138.9865   13.1341
2024-03-03_16:00:00   405.0694   12.9594   40.1111   13.5619
2024-03-03_10:50:00   145.9449   14.3989   29.9481   14.1993
2024-03-03_01:25:00   6435.8811   14.4415   906.2120   13.0597
2024-03-03_14:20:00   1448.7826   12.7874   106.7310   13.5596
2024-03-03_10:30:00   534.8982   13.0795   67.4274   12.9960
2024-03-03_01:20:00   2.2722   14.3760   939.9388   13.0597
2024-03-03_15:25:00   12395.1675   12.9349   277.5887   13.3595
2024-03-03_05:10:00   252.6799   14.0777   13.7695   13.1513
2024-03-03_06:50:00   153.2111   14.1292   26.3014   13.1177
2024-03-03_09:30:00   4985.7482   14.3036   2535.6074   13.0243
2024-03-03_07:40:00   137.1142   14.1212   17.3121   13.1020
2024-03-03_15:45:00   898.0821   12.8995   62.7075   13.5604
2024-03-03_18:50:00   11597.7873   12.0805   119.8154   13.1556
2024-03-03_11:15:00   146.0474   14.4858   88.0000   13.7888
2024-03-03_09:00:00   1.3911   14.3504   2903.9910   13.0471
2024-03-03_07:15:00   271.1529   14.0580   33.8964   13.1020
2024-03-03_10:10:00   633055.8474   13.9840   1284.5031   12.9881
2024-03-03_16:10:00   384.2362   12.9594   37.8804   13.5619
2024-03-03_10:45:00   273.9385   13.5471   18.0361   13.7888
2024-03-03_03:05:00   6007.2452   14.1165   448.4127   13.1177
2024-03-03_21:30:00   7515.7839   12.6408   84.4635   13.1572
2024-03-03_08:40:00   10248.1103   13.5130   7257.5026   13.0597
2024-03-03_11:35:00   87.3150   13.6820   13.0623   13.5755
2024-03-03_07:30:00   280.3394   14.0580   31.2902   13.1020
2024-03-03_09:10:00   1907.6438   14.0016   381.5528   13.0353
2024-03-03_05:15:00   259.4115   14.1788   17.7604   13.1513
2024-03-03_04:10:00   530.9946   14.2081   25.0012   13.1513
2024-03-03_06:40:00   240.1101   14.0675   19.3728   13.1341
2024-03-03_02:50:00   1.4921   14.4598   463.5399   13.1020
2024-03-03_01:40:00   2503.4239   13.8935   613.0056   13.0731
2024-03-03_16:55:00   1931.9172   12.7684   64.2768   13.3595
2024-03-03_08:50:00   3752.1602   14.1718   756.2735   13.0471
2024-03-03_09:05:00   12661.2118   13.5016   12101.8727   13.0471
2024-03-03_20:15:00   2628.3879   12.8298   84.7793   13.1549
2024-03-03_22:25:00   15392.8137   14.1910   58.7713   13.1712
2024-03-03_07:50:00   141.5583   14.3153   5.8899   13.1177
2024-03-03_06:30:00   241.2933   14.0675   36.1635   13.1177
2024-03-03_04:55:00   317.2907   14.1788   47.1801   13.1341
2024-03-03_04:45:00   220.7396   13.8036   55.0315   13.1341
2024-03-03_03:45:00   974.4100   14.0956   88.5934   13.1341
2024-03-03_12:00:00   43.2476   13.5211   6.2463   9.1185
2024-03-03_01:50:00   1.6283   14.0481   499.2202   13.0872
2024-03-03_19:45:00   4252.1442   12.5876   126.7349   13.1549
2024-03-03_04:10:00   530.9946   14.2081   25.0012   13.1513
2024-03-03_13:20:00   126.5453   13.2300   10.1940   9.1073
2024-03-03_03:30:00   1090.9747   14.6054   138.9865   13.1341
2024-03-03_03:20:00   2.3004   13.8861   264.6211   13.1341
2024-03-03_08:50:00   3752.1602   14.1718   756.2735   13.0471
2024-03-03_10:05:00   39621.9770   14.1714   1003.4166   12.9960
2024-03-03_17:20:00   981.9755   12.5900   53.4069   13.1572
2024-03-03_23:20:00   59.1796   13.8985   13.1997   13.6011
2024-03-03_16:20:00   389.3388   12.7068   44.4919   13.3595
2024-03-03_10:10:00   633055.8474   13.9840   1284.5031   12.9881
2024-03-03_13:55:00   0.5551   12.3526   16.4804   9.5120
2024-03-03_03:50:00   1049.6116   13.9713   138.8935   13.1341
2024-03-03_22:10:00   3904.6205   12.6553   28.8005   9.7207
2024-03-03_07:25:00   279.1481   14.0580   26.4392   13.1020
2024-03-03_05:25:00   173.2366   14.2475   38.0334   13.1341
2024-03-03_05:15:00   259.4115   14.1788   17.7604   13.1513
2024-03-03_19:30:00   4706.5530   12.8298   95.9785   13.1549
2024-03-03_12:40:00   19.6831   13.5249   4.2562   9.1107
2024-03-03_02:20:00   3268.1396   14.2482   562.7766   13.1020
2024-03-03_05:35:00   171.8039   14.2475   36.9666   13.1341
2024-03-03_09:00:00   1.3911   14.3504   2903.9910   13.0471
2024-03-03_09:20:00   1.7501   14.1469   7089.4622   13.0353
2024-03-03_14:45:00   311.6177   12.6471   46.8910   13.5596
2024-03-03_03:45:00   974.4100   14.0956   88.5934   13.1341
2024-03-03_10:15:00   40415.1459   13.5433   331.8658   12.9810
2024-03-03_16:45:00   1266.7293   12.9610   54.9881   13.3595
2024-03-03_06:40:00   240.1101   14.0675   19.3728   13.1341
2024-03-03_07:35:00   141.2456   14.1212   22.6631   13.1020
2024-03-03_15:00:00   384.4439   12.4474   86.8472   13.3580
2024-03-03_18:45:00   41238.1223   12.5770   54.1218   13.1556
2024-03-03_12:30:00   21.3411   13.5249   4.6435   8.9084
2024-03-03_08:25:00   7717.2830   14.0563   1574.4582   13.0731
2024-03-03_20:10:00   8027.0306   12.1819   81.2602   13.3572
2024-03-03_11:20:00   246.2951   14.5425   43.9824   13.7828
2024-03-03_20:30:00   225.4239   12.3999   31.4812   13.1549
2024-03-03_13:10:00   83.6920   13.5262   7.0769   9.1073
2024-03-03_05:30:00   271.2297   14.2526   36.3984   13.1341
2024-03-03_03:35:00   1045.0528   14.2933   131.7171   13.1341
2024-03-03_09:50:00   1.4877   14.2989   13168.9531   13.0141
2024-03-03_22:35:00   667.9406   15.1327   164.6504   13.3787
2024-03-03_06:45:00   163.1539   14.2367   30.6402   13.1177
2024-03-03_05:40:00   257.6911   14.2526   34.4539   13.1341
2024-03-03_18:40:00   295449.8319   14.6594   29.0457   13.1572
2024-03-03_08:45:00   8966.5433   14.0126   14656.7157   13.0597
2024-03-03_18:10:00   1228.6398   12.4579   108.6121   12.9572
2024-03-03_19:55:00   16647.7637   14.8310   72.0497   13.1549
2024-03-03_13:30:00   160.4058   13.2382   12.4072   9.1073
2024-03-03_12:45:00   25.4373   13.3765   4.5841   8.9061
2024-03-03_02:25:00   1.6700   14.2637   613.4008   13.1020
2024-03-03_17:45:00   3638.5539   12.5143   35.3779   9.7155
2024-03-03_16:40:00   1324.1283   12.9010   57.3004   13.3595
2024-03-03_16:30:00   1133.8616   12.7075   63.0197   13.3595
2024-03-03_12:45:00   25.4373   13.3765   4.5841   8.9061
2024-03-03_12:15:00   21.6829   13.5249   4.7128   9.1140
2024-03-03_13:15:00   114.5819   13.6673   8.2426   9.1073
2024-03-03_17:55:00   69183.5527   12.2622   66.0243   13.1572
2024-03-03_04:25:00   2.8226   13.9053   83.0085   13.1513
2024-03-03_08:10:00   646.7134   14.0687   116.0427   13.0872
2024-03-03_08:45:00   8966.5433   14.0126   14656.7157   13.0597
2024-03-03_10:00:00   9515.0981   14.3434   2237.6797   13.0046
2024-03-03_15:15:00   1066.4910   12.6346   153.9165   13.3580
2024-03-03_07:45:00   140.1324   14.1212   16.8397   13.1020
2024-03-03_05:40:00   257.6911   14.2526   34.4539   13.1341
2024-03-03_09:20:00   1.7501   14.1469   7089.4622   13.0353
2024-03-03_10:20:00   14378.8579   13.7263   421.0663   12.9960
2024-03-03_22:05:00   2677.8088   12.5209   30.5316   9.7207
2024-03-03_11:00:00   86.9621   14.6503   17.1729   13.9908
2024-03-03_01:30:00   5085.9014   14.2773   500.4036   13.0597
2024-03-03_18:00:00   3182.4602   15.0696   16.4899   12.9549
2024-03-03_22:55:00   39.0780   13.1983   12.2836   13.5868
2024-03-03_08:20:00   2.2342   14.2098   373.9516   13.0731
2024-03-03_03:25:00   1479.7262   14.5114   171.5889   13.1341
2024-03-03_09:45:00   3057.1777   13.9526   942.1035   13.0141
2024-03-03_15:20:00   19982.7673   12.7387   127.0453   13.3580
2024-03-03_14:50:00   297.8743   12.6471   44.1317   13.5596
2024-03-03_04:35:00   3.1504   14.0838   85.3209   13.1341
2024-03-03_06:45:00   163.1539   14.2367   30.6402   13.1177
2024-03-03_10:35:00   784.2760   14.3563   13.5614   14.1928
2024-03-03_12:30:00   21.3411   13.5249   4.6435   8.9084
2024-03-03_19:20:00   2830.6075   12.6619   73.0524   13.1549
2024-03-03_03:40:00   1196.5012   14.4601   105.0040   13.1341
2024-03-03_05:50:00   226.9351   14.0675   18.8989   13.1341
2024-03-03_02:10:00   3194.2298   14.4987   93.7128   13.1020
2024-03-03_07:40:00   137.1142   14.1212   17.3121   13.1020
2024-03-03_15:50:00   586.7987   12.9594   53.4235   13.5619
2024-03-03_17:00:00   1493.7941   12.7684   57.8475   13.3595
2024-03-03_00:30:00   3353.7720   14.3897   569.2855   13.0243
2024-03-03_14:10:00   1166.9702   12.8416   123.5824   13.5596
2024-03-03_23:10:00   39.3528   13.2022   11.4092   13.5936
2024-03-03_03:25:00   1479.7262   14.5114   171.5889   13.1341
2024-03-03_05:55:00   130.6491   13.7494   20.8092   13.1341
2024-03-03_11:30:00   84.0599   13.3966   38.4337   13.5808
2024-03-03_07:05:00   264.3523   14.1593   14.9404   13.1177
2024-03-03_04:00:00   662.4442   14.1303   97.1636   13.1341
2024-03-03_08:40:00   10248.1103   13.5130   7257.5026   13.0597
2024-03-03_18:55:00   16680.8432   12.7059   136.6997   13.1556
2024-03-03_11:05:00   164.5090   14.1639   51.9593   13.3917
2024-03-03_05:20:00   180.7415   14.2475   36.7172   13.1341
2024-03-03_09:40:00   17033.9323   13.4629   371.7448   13.0141
2024-03-03_10:30:00   534.8982   13.0795   67.4274   12.9960
2024-03-03_07:00:00   169.5717   14.0190   12.6901   13.1177
2024-03-03_01:10:00   3.0183   14.2427   526.4407   13.0471
2024-03-03_14:35:00   291.7032   12.4474   86.0962   13.3572
2024-03-03_21:50:00   27849.8009   12.4795   90.2859   13.1595
2024-03-03_07:00:00   169.5717   14.0190   12.6901   13.1177
2024-03-03_08:05:00   418.4854   14.2667   43.1116   13.1020
2024-03-03_05:20:00   180.7415   14.2475   36.7172   13.1341
2024-03-03_18:25:00   730.2434   12.4579   75.8238   13.1572
2024-03-03_15:30:00   3681.5537   13.0223   118.1857   13.5604
2024-03-03_03:35:00   1045.0528   14.2933   131.7171   13.1341
2024-03-03_22:20:00   4821.3037   12.1027   92.7693   13.1627
2024-03-03_20:20:00   486.1084   12.4753   42.8253   13.3572
2024-03-03_07:20:00   269.6227   14.0580   34.0243   13.1020
2024-03-03_04:35:00   3.1504   14.0838   85.3209   13.1341
2024-03-03_21:00:00   607.2242   12.2110   47.3639   13.1556
2024-03-03_09:40:00   17033.9323   13.4629   371.7448   13.0141
2024-03-03_00:55:00   3315.6446   14.0583   375.5352   13.0353
2024-03-03_20:25:00   330.5055   12.3999   33.5072   13.3572
2024-03-03_00:45:00   2417.3083   13.5121   941.9877   13.0353
2024-03-03_17:40:00   3096.7269   12.5761   80.3684   13.1572
2024-03-03_19:15:00   2925.0695   12.5168   76.5189   13.1549
2024-03-03_06:00:00   133.6223   13.7494   19.5358   13.1341
2024-03-03_11:45:00   59.8151   13.5292   5.5389   9.3207
2024-03-03_20:05:00   70084.2722   14.4845   46.9982   13.1549
2024-03-03_16:35:00   1717.6639   12.6496   78.9761   13.3595
2024-03-03_14:25:00   1840.2534   12.8987   154.4825   13.5596
2024-03-03_10:55:00   136.7141   14.1639   33.0358   13.9974
2024-03-03_09:45:00   3057.1777   13.9526   942.1035   13.0141
2024-03-03_14:00:00   618.2292   12.8416   15.6532   9.5120
2024-03-03_18:15:00   537.2056   12.4021   76.9690   12.9572
2024-03-03_14:40:00   368.9854   12.5922   53.0966   13.3572
2024-03-03_07:05:00   264.3523   14.1593   14.9404   13.1177
2024-03-03_13:00:00   51.7858   13.5181   6.6382   9.1084
2024-03-03_23:15:00   41.4222   13.2022   14.9111   13.3994
2024-03-03_12:15:00   21.6829   13.5249   4.7128   9.1140
2024-03-03_08:30:00   8213.7605   14.2114   2195.3903   13.0731
2024-03-03_04:00:00   662.4442   14.1303   97.1636   13.1341
2024-03-03_17:15:00   1604.8208   12.7684   56.1409   13.1572
2024-03-03_07:10:00   234.0850   14.0580   36.8499   13.1020
2024-03-03_15:05:00   1655.3167   12.8995   122.3998   13.3580
2024-03-03_16:15:00   417.2876   12.9594   39.7236   13.5619
2024-03-03_04:40:00   443.7373   13.9983   70.7273   13.1341
2024-03-03_03:55:00   800.5765   14.1678   119.7375   13.1341
2024-03-03_02:30:00   4982.1069   14.3010   256.2059   13.1020
2024-03-03_07:25:00   279.1481   14.0580   26.4392   13.1020
2024-03-03_02:55:00   7761.9954   14.3139   796.6299   13.1177
2024-03-03_13:40:00   236.7135   13.0904   14.7263   9.3097
2024-03-03_08:35:00   1.5478   14.3661   1194.2067   13.0597
2024-03-03_22:30:00   5503.4280   15.2715   266.2729   13.1712
2024-03-03_19:50:00   12777.1276   12.5876   134.9654   13.1549
2024-03-03_16:05:00   389.0852   12.9594   38.4430   13.5619
2024-03-03_10:45:00   273.9385   13.5471   18.0361   13.7888
2024-03-03_10:25:00   1044.8913   14.1126   332.8058   12.9960
2024-03-03_18:05:00   4675.1207   12.7708   89.9390   12.9549
2024-03-03_13:15:00   114.5819   13.6673   8.2426   9.1073
2024-03-03_01:00:00   2.4613   14.2362   856.1148   13.0471
2024-03-03_06:55:00   160.4405   13.8499   17.6541   13.1177
2024-03-03_19:25:00   3942.6888   12.2876   82.2814   13.1549
2024-03-03_19:05:00   10104.7734   12.8995   136.8582   13.1556
2024-03-03_09:10:00   1907.6438   14.0016   381.5528   13.0353
2024-03-03_08:55:00   1.3591   14.3618   932.0956   13.0471
2024-03-03_06:25:00   241.1740   14.0675   17.3584   13.1341
2024-03-03_16:25:00   325.2720   12.7773   39.5659   13.3595
2024-03-03_17:35:00   2644.7527   12.7075   72.6811   13.1572
2024-03-03_03:10:00   2798.3788   14.1303   243.7935   13.1341
2024-03-03_02:15:00   2571.2105   14.1165   350.6048   13.1020
2024-03-03_07:45:00   140.1324   14.1212   16.8397   13.1020
2024-03-03_09:55:00   359120.9543   13.0145   359120.9543   13.0141
2024-03-03_02:05:00   1.6439   14.4251   441.3105   13.0872
2024-03-03_00:35:00   3828.1877   14.0234   317.2912   13.0243
2024-03-03_01:55:00   2969.0848   14.0687   475.2575   13.0872
2024-03-03_10:40:00   547.1929   14.6447   20.1922   9.1309
2024-03-03_17:30:00   1315.9851   12.5900   61.0425   13.1572
2024-03-03_13:45:00   163.8539   14.1892   15.0174   9.5120
2024-03-03_06:10:00   242.5452   14.0675   11.8438   13.1341
2024-03-03_07:20:00   269.6227   14.0580   34.0243   13.1020
2024-03-03_15:35:00   1898.7571   12.9594   103.2957   13.5604
2024-03-03_15:10:00   7344.3478   12.6480   210.0449   13.3580
2024-03-03_07:10:00   234.0850   14.0580   36.8499   13.1020
2024-03-03_19:40:00   5498.1243   12.9586   113.5594   13.1549
2024-03-03_04:55:00   317.2907   14.1788   47.1801   13.1341
2024-03-03_12:20:00   24.1702   13.5249   5.9335   9.1140
2024-03-03_04:20:00   494.8641   13.9713   31.2627   13.1513
2024-03-03_03:55:00   800.5765   14.1678   119.7375   13.1341
2024-03-03_23:00:00   40.3589   13.2784   11.0416   13.5936
2024-03-03_11:55:00   52.8988   13.6673   6.1375   9.3207
2024-03-03_19:10:00   5462.3911   12.5168   129.5820   13.1556
2024-03-03_02:35:00   6509.1282   14.1035   303.1905   13.1020
2024-03-03_22:15:00   17148.1534   12.5818   114.4988   12.9604
2024-03-03_09:15:00   1.5665   14.3354   1579.0791   13.0353
2024-03-03_04:50:00   343.9845   14.1788   52.6032   13.1341
2024-03-03_06:35:00   242.5231   14.0675   26.5141   13.1341
2024-03-03_07:30:00   280.3394   14.0580   31.2902   13.1020
2024-03-03_14:15:00   1182.9773   12.8987   123.7596   13.5596
2024-03-03_04:40:00   443.7373   13.9983   70.7273   13.1341
2024-03-03_18:20:00   469.9962   12.4021   58.7718   13.1572
2024-03-03_10:20:00   14378.8579   13.7263   421.0663   12.9960
2024-03-03_02:45:00   4581.7165   14.3139   603.7351   13.1177
2024-03-03_13:35:00   187.1481   13.2382   12.3301   9.3097
2024-03-03_13:00:00   51.7858   13.5181   6.6382   9.1084
2024-03-03_15:40:00   1152.8111   12.8995   84.4512   13.5604
2024-03-03_21:15:00   671.5169   12.6392   41.3311   13.1572
2024-03-03_04:15:00   515.6094   14.2081   31.7072   13.1513
2024-03-03_20:55:00   659.9582   11.9485   45.2698   13.1556
2024-03-03_10:00:00   9515.0981   14.3434   2237.6797   13.0046
2024-03-03_18:35:00   5261.3301   15.1844   90.0858   13.1572
2024-03-03_15:55:00   408.3756   12.8995   41.6891   13.5619
2024-03-03_20:00:00   11071.2788   15.0805   9.1097   13.1549
2024-03-03_06:15:00   149.2821   14.0277   19.9044   13.1341
2024-03-03_06:20:00   235.4974   14.1687   13.0177   13.1341
2024-03-03_06:10:00   242.5452   14.0675   11.8438   13.1341
2024-03-03_14:05:00   790.1431   12.5922   110.9382   13.5596
2024-03-03_06:35:00   242.5231   14.0675   26.5141   13.1341
2024-03-03_03:15:00   2.0530   14.1070   339.7130   13.1341
2024-03-03_13:30:00   160.4058   13.2382   12.4072   9.1073
2024-03-03_09:35:00   3841.2556   13.7827   542.0765   13.0141
2024-03-03_22:40:00   212.2398   12.6763   62.7068   13.3787
2024-03-03_05:10:00   252.6799   14.0777   13.7695   13.1513
2024-03-03_13:50:00   0.5810   12.3526   15.6018   9.5120
2024-03-03_06:20:00   235.4974   14.1687   13.0177   13.1341
2024-03-03_13:05:00   61.2640   13.3785   7.4995   9.1084
2024-03-03_10:50:00   145.9449   14.3989   29.9481   14.1993
2024-03-03_10:25:00   1044.8913   14.1126   332.8058   12.9960
2024-03-03_03:40:00   1196.5012   14.4601   105.0040   13.1341
2024-03-03_12:35:00   19.6184   13.5249   4.1373   9.1107
2024-03-03_04:20:00   494.8641   13.9713   31.2627   13.1513
2024-03-03_08:15:00   2.6461   14.0313   211.8036   13.0872
2024-03-03_01:05:00   6732.7388   14.2665   910.3692   13.0471
2024-03-03_20:45:00   293.0571   12.0664   37.4002   13.1549
2024-03-03_06:25:00   241.1740   14.0675   17.3584   13.1341
2024-03-03_03:50:00   1049.6116   13.9713   138.8935   13.1341
2024-03-03_06:30:00   241.2933   14.0675   36.1635   13.1177
2024-03-03_20:50:00   589.0765   12.5118   40.9905   13.1549
2024-03-03_02:40:00   8215.7536   14.3139   1010.7927   13.1177
2024-03-03_05:35:00   171.8039   14.2475   36.9666   13.1341
2024-03-03_02:00:00   2864.9918   14.0911   508.2092   13.0872
2024-03-03_09:25:00   4878.6528   14.3036   2196.9969   13.0243
2024-03-03_05:55:00   130.6491   13.7494   20.8092   13.1341
2024-03-03_04:05:00   600.2122   14.1678   91.7072   13.1341
2024-03-03_11:30:00   84.0599   13.3966   38.4337   13.5808
2024-03-03_07:35:00   141.2456   14.1212   22.6631   13.1020
2024-03-03_10:05:00   39621.9770   14.1714   1003.4166   12.9960
2024-03-03_06:50:00   153.2111   14.1292   26.3014   13.1177
2024-03-03_09:05:00   12661.2118   13.5016   12101.8727   13.0471
2024-03-03_04:30:00   580.1978   14.0122   80.4917   13.1513
2024-03-03_00:40:00   2426.4859   13.5121   804.5615   13.0353
2024-03-03_14:55:00   408.1531   12.6471   47.9322   13.5596
2024-03-03_08:00:00   3.3979   13.8293   38.3857   13.1020
2024-03-03_21:10:00   749.0480   12.5745   36.5626   13.1556
2024-03-03_13:25:00   166.2156   13.3762   12.3205   9.1073
2024-03-03_07:55:00   207.3270   14.1593   31.2331   13.1020
2024-03-03_05:50:00   226.9351   14.0675   18.8989   13.1341
2024-03-03_10:35:00   784.2760   14.3563   13.5614   14.1928
2024-03-03_05:45:00   159.3916   14.0277   30.9977   13.1341
2024-03-03_11:25:00   91.9530   13.5516   32.5773   13.5808
2024-03-03_09:50:00   1.4877   14.2989   13168.9531   13.0141
2024-03-03_09:35:00   3841.2556   13.7827   542.0765   13.0141
2024-03-03_06:05:00   141.9178   14.0277   22.8392   13.1341
2024-03-03_07:50:00   141.5583   14.3153   5.8899   13.1177
2024-03-03_05:00:00   179.6276   14.2475   37.7313   13.1341
2024-03-03_06:00:00   133.6223   13.7494   19.5358   13.1341
2024-03-03_21:35:00   4659.9660   12.3551   85.0384   13.1572
2024-03-03_11:40:00   128.9201   13.3816   5.0872   9.3163
2024-03-03_12:50:00   31.3038   13.3734   6.3245   8.9061
2024-03-03_22:00:00   3517.5044   12.6433   65.6367   13.1595
2024-03-03_04:45:00   220.7396   13.8036   55.0315   13.1341
2024-03-03_09:55:00   359120.9543   13.0145   359120.9543   13.0141
2024-03-03_09:15:00   1.5665   14.3354   1579.0791   13.0353
2024-03-03_05:05:00   258.2237   14.0777   13.5781   13.1513
2024-03-03_07:15:00   271.1529   14.0580   33.8964   13.1020
2024-03-03_06:15:00   149.2821   14.0277   19.9044   13.1341
2024-03-03_10:15:00   40415.1459   13.5433   331.8658   12.9810
2024-03-03_19:35:00   4918.9550   12.8298   97.7666   13.1549
2024-03-03_23:05:00   37.2458   13.2784   11.0314   13.5936
2024-03-03_08:55:00   1.3591   14.3618   932.0956   13.0471
2024-03-03_00:50:00   3821.5313   14.3897   620.9589   13.0353
2024-03-03_08:05:00   418.4854   14.2667   43.1116   13.1020
2024-03-03_12:25:00   19.7963   13.5249   5.1354   9.1140
2024-03-03_17:10:00   1248.6261   12.7684   54.2629   13.1572
