Format:
           1) Time
           2) Maximal reconnection rate at closest pressure dip
           3) Distance from earth
           4) Rate from critical
           5) Distance from critical2024-08-11_08:10:00   95.3741   12.8639   22.5313   8.9463
2024-08-11_05:05:00   12.8756   12.3289   11.1553   9.1185
2024-08-11_20:05:00   1.8499   15.1062   5.0381   8.5065
2024-08-11_13:45:00   4252328.3385   12.4365   31.0778   8.9017
2024-08-11_15:40:00   237878.2429   14.5944   17.0562   8.9236
2024-08-11_12:40:00   86.5058   12.7024   9.4569   9.0794
2024-08-11_08:00:00   54.5375   12.8639   16.0117   9.1477
2024-08-11_01:15:00   1.6555   12.8306   4.6448   9.5508
2024-08-11_19:10:00   1172.4879   15.2062   7.5286   8.9017
2024-08-11_03:10:00   18.2375   12.4523   15.3798   9.1309
2024-08-11_03:00:00   6.4268   12.3032   16.7775   9.1309
2024-08-11_16:05:00   53.0522   13.8022   nan   nan
2024-08-11_08:35:00   63.7425   12.8703   16.0014   8.9463
2024-08-11_14:45:00   1.4911   12.8403   nan   nan
2024-08-11_14:00:00   116.9562   11.9465   6.7302   8.6828
2024-08-11_01:45:00   71.1047   13.0645   10.7418   12.7790
2024-08-11_15:10:00   1.7990   14.9543   5.0003   14.7811
2024-08-11_06:05:00   2.0995   12.2940   14.4665   8.9164
2024-08-11_20:10:00   1.0587   14.9337   5.8389   8.4848
2024-08-11_01:35:00   35.9436   12.5389   14.4903   12.7862
2024-08-11_11:15:00   38996.7554   14.6240   17.0796   9.4246
2024-08-11_11:35:00   4613.2362   15.1576   15.5193   9.0250
2024-08-11_16:10:00   58.1481   13.8036   nan   nan
2024-08-11_11:00:00   1752.5694   14.7588   96.2089   14.2649
2024-08-11_14:10:00   737181.5310   12.9675   34.4735   8.6828
2024-08-11_05:10:00   12.5970   12.2592   11.0429   9.1140
2024-08-11_09:30:00   49.8304   12.0225   26.7338   8.9463
2024-08-11_19:40:00   1.8411   14.7883   3.5693   8.7040
2024-08-11_07:15:00   198.4867   12.8536   24.4100   8.9291
2024-08-11_03:05:00   52.6043   13.0441   16.4238   9.1309
2024-08-11_08:40:00   70.4162   12.6763   19.0905   8.9463
2024-08-11_18:10:00   802.6070   15.0533   nan   nan
2024-08-11_04:10:00   32.6625   12.8496   10.9653   9.1185
2024-08-11_01:40:00   30.2770   12.5389   10.1681   12.9881
2024-08-11_19:30:00   1.8830   14.9543   nan   nan
2024-08-11_19:45:00   1.7390   14.9467   4.0872   8.7040
2024-08-11_06:30:00   1562.9642   12.6044   16.3233   8.9222
2024-08-11_03:45:00   24.0102   13.1563   10.9301   8.9164
2024-08-11_12:35:00   16.4923   12.3442   7.3616   9.2780
2024-08-11_12:00:00   1573271.6848   13.4196   3817.2061   14.2900
2024-08-11_03:30:00   15.9016   12.4523   13.1970   8.9291
2024-08-11_11:05:00   1958.2637   14.7883   46.4048   14.4659
2024-08-11_12:10:00   6465.1598   12.7024   11.6606   9.4583
2024-08-11_10:10:00   143.5309   14.0091   10.7006   13.2736
2024-08-11_18:05:00   170.2593   15.3323   nan   nan
2024-08-11_05:15:00   12.0368   12.2592   10.9139   9.1140
2024-08-11_05:35:00   40.7726   12.8464   12.3866   8.9164
2024-08-11_09:00:00   28.1600   12.2801   19.2006   9.1578
2024-08-11_06:40:00   48918.2539   12.4095   23.0442   8.7272
2024-08-11_18:15:00   627.9400   15.0255   16.6035   12.9702
2024-08-11_11:40:00   11261.2708   13.6064   6.9262   9.0250
2024-08-11_12:30:00   19.2061   12.3442   7.4836   9.2780
2024-08-11_19:05:00   1097.5653   15.2062   7.5655   9.1211
2024-08-11_05:30:00   2.5072   12.6465   12.0303   9.1185
2024-08-11_14:15:00   1191013.5574   13.7494   34.9562   8.9017
2024-08-11_08:45:00   25.3549   12.3439   19.8485   8.9463
2024-08-11_13:30:00   1953.6740   12.5230   10.7724   8.8810
2024-08-11_12:45:00   16.1885   12.3118   8.7066   9.0794
2024-08-11_15:05:00   1.2787   12.9736   nan   nan
2024-08-11_10:00:00   6372.5104   13.7732   900.9670   13.0597
2024-08-11_05:40:00   42.8857   13.0410   12.0261   8.9164
2024-08-11_20:00:00   2.1091   15.1218   3.7226   8.7264
2024-08-11_01:30:00   23.9941   12.4704   11.9045   12.7790
2024-08-11_19:00:00   930.4034   15.2062   7.4059   9.1211
2024-08-11_15:15:00   1.5684   14.9467   1.8077   14.7645
2024-08-11_06:45:00   4173.8005   12.6593   15.0424   8.9291
2024-08-11_10:35:00   27.6023   14.3520   3.9046   13.3021
2024-08-11_03:40:00   37.8517   13.0441   11.4362   9.1242
2024-08-11_16:30:00   61.0307   13.9417   8.3583   13.4676
2024-08-11_02:10:00   1.3145   12.1214   4.3642   9.5347
2024-08-11_07:40:00   94.8651   12.8583   22.5652   8.9371
2024-08-11_00:30:00   1.9161   12.6163   15.3267   12.8031
2024-08-11_14:05:00   619724.7207   12.5515   3.0378   8.6828
2024-08-11_07:05:00   395.9183   12.8583   13.7236   9.1309
2024-08-11_14:40:00   2.0920   14.9625   nan   nan
2024-08-11_13:40:00   100.4018   12.3700   4.0280   9.1211
2024-08-11_10:30:00   20.3176   14.3484   2.2587   13.3021
2024-08-11_07:00:00   419.5322   12.8583   12.3115   9.1309
2024-08-11_01:10:00   56.0912   13.0716   4.1574   9.5604
2024-08-11_11:10:00   1477.9671   14.7588   141.8422   14.4659
2024-08-11_17:40:00   3920.0031   15.1058   9.7259   8.9236
2024-08-11_18:45:00   1730.5643   14.8829   9.7012   8.7040
2024-08-11_16:00:00   78.4852   14.0834   nan   nan
2024-08-11_03:35:00   3.2157   12.4907   11.3612   8.9222
2024-08-11_04:35:00   3.6861   12.6433   11.5998   9.1185
2024-08-11_09:40:00   1047.7250   12.4982   17.8310   9.3700
2024-08-11_00:45:00   118.6249   12.8942   13.0159   13.0046
2024-08-11_06:00:00   50.6675   12.8464   14.4752   8.9164
2024-08-11_11:45:00   1952396.3077   14.3402   15.9476   9.4409
2024-08-11_09:45:00   17446.6904   12.3990   12.8311   9.3700
2024-08-11_17:45:00   2431.0568   15.1058   9.2392   8.9236
2024-08-11_13:00:00   43.1900   12.0761   17.0169   8.8810
2024-08-11_12:15:00   360.6214   12.6509   9.2946   9.0420
2024-08-11_08:30:00   75.6949   12.8703   16.5919   8.9463
2024-08-11_04:00:00   31.1712   12.8496   11.2365   9.1185
2024-08-11_07:10:00   249.1605   12.8583   16.1551   8.9291
2024-08-11_14:35:00   2.1759   14.9625   1.2789   14.9642
2024-08-11_02:30:00   28.4723   13.0481   5.3927   9.3328
2024-08-11_19:15:00   907.5835   15.1761   6.9120   8.7040
2024-08-11_13:35:00   2892.7728   12.5230   8.8140   8.8810
2024-08-11_10:45:00   69.4961   14.0954   8.7695   13.3021
2024-08-11_13:15:00   367.9382   12.7162   12.7445   9.1211
2024-08-11_01:00:00   68.4754   13.0716   4.8337   9.5604
2024-08-11_17:35:00   4134.5767   15.1058   9.5631   8.9236
2024-08-11_09:10:00   6.3231   12.1526   23.0684   9.1578
2024-08-11_17:05:00   486.4654   15.0870   2.6560   14.9807
2024-08-11_02:15:00   1.4485   12.1214   2.9937   12.7726
2024-08-11_07:45:00   70.1840   12.9153   19.4539   8.9371
2024-08-11_02:05:00   38.9317   14.2850   4.3325   9.5347
2024-08-11_00:35:00   95.9390   13.0881   13.6373   12.8031
2024-08-11_18:00:00   993.2980   15.2423   1.9138   14.9642
2024-08-11_15:35:00   13161.0199   14.9440   13.4085   9.1211
2024-08-11_15:00:00   0.4216   13.1345   nan   nan
2024-08-11_02:35:00   2.1737   12.3032   5.9013   9.3328
2024-08-11_15:30:00   1803.6783   14.8230   10.0922   9.1211
2024-08-11_17:15:00   616.5909   15.0870   8.3749   14.9807
2024-08-11_07:30:00   35.1706   12.4597   16.5520   9.1388
2024-08-11_04:40:00   3.9134   12.2857   10.3867   9.1140
2024-08-11_12:05:00   354004.3343   12.8605   1.9276   9.6575
2024-08-11_02:45:00   62.3656   12.8536   19.4682   9.1309
2024-08-11_04:15:00   30.8278   12.8496   10.7692   9.1185
2024-08-11_06:15:00   115.7567   12.8496   15.6374   9.1242
2024-08-11_06:10:00   57.9812   12.8464   16.6148   8.9164
2024-08-11_06:35:00   4813.7778   12.3568   25.4773   8.7202
2024-08-11_03:15:00   17.1077   12.4523   13.8921   9.1242
2024-08-11_09:35:00   58.9581   12.1609   21.0750   9.1578
2024-08-11_17:00:00   795.6078   15.2423   12.4449   14.7645
2024-08-11_13:10:00   41.2828   12.3442   11.4986   9.1211
2024-08-11_08:15:00   35.2747   12.2692   23.6788   8.9463
2024-08-11_01:05:00   57.2279   13.0716   4.4193   9.5604
2024-08-11_14:30:00   1.7540   14.9543   4.6819   14.7811
2024-08-11_17:10:00   519.6704   15.0870   3.6172   14.9807
2024-08-11_02:40:00   2.2930   12.6408   7.7221   9.3328
2024-08-11_16:15:00   0.4344   13.5489   nan   nan
2024-08-11_02:00:00   11.4514   12.5283   6.8049   12.9746
2024-08-11_16:35:00   0.3997   13.6865   7.6399   13.4676
2024-08-11_04:05:00   14.8790   12.5185   12.0221   9.1185
2024-08-11_11:30:00   8364.2948   13.6504   9.3722   8.8091
2024-08-11_07:35:00   67.7353   12.9153   17.6482   8.9371
2024-08-11_10:05:00   283.7659   13.7248   56.6534   13.2605
2024-08-11_17:30:00   1248.1481   14.8829   8.2371   8.9236
2024-08-11_09:05:00   73.9923   12.8703   20.6172   9.1578
2024-08-11_04:30:00   31.8090   12.8496   10.7010   9.1242
2024-08-11_00:40:00   118.4197   13.0881   14.9136   12.8031
2024-08-11_18:40:00   2499.7818   15.1058   22.1183   12.9520
2024-08-11_18:35:00   5757.4773   15.0183   29.1507   12.9520
2024-08-11_05:45:00   45.6403   13.9663   10.7576   9.1185
2024-08-11_20:15:00   2.0376   14.7960   3.8401   8.9236
2024-08-11_16:45:00   0.9254   14.9543   nan   nan
2024-08-11_18:30:00   39755.9240   14.8482   9.8802   9.1211
2024-08-11_05:00:00   12.6841   12.3289   11.5106   9.1185
2024-08-11_16:40:00   0.8966   14.9543   nan   nan
2024-08-11_04:45:00   4.4724   12.3321   10.8612   9.1185
2024-08-11_09:15:00   30.0088   12.0902   28.1631   8.9566
2024-08-11_10:40:00   37.4325   14.1769   4.3683   13.2875
2024-08-11_15:45:00   27100.4214   13.2252   89.0066   13.0089
2024-08-11_10:15:00   58.7870   14.0896   4.0055   13.2875
2024-08-11_13:05:00   155.6959   12.7162   9.8040   9.0997
2024-08-11_19:35:00   1.9628   14.9543   3.4594   8.9236
2024-08-11_08:05:00   72.9891   12.8639   18.5676   8.9463
