Format:
           1) Time
           2) Maximal reconnection rate at closest pressure dip
           3) Distance from earth
           4) Rate from critical
           5) Distance from critical
2023-03-23_21:20:00   nan   nan   99.9467   13.5755
2023-03-23_08:15:00   nan   nan   10095.1362   13.5755
2023-03-23_12:55:00   nan   nan   35.6799   9.1242
2023-03-23_08:10:00   nan   nan   8254.8045   13.3734
2023-03-23_14:30:00   nan   nan   26.8720   8.5254
2023-03-23_17:05:00   nan   nan   3.7678   9.8100
2023-03-23_11:50:00   nan   nan   46.7095   13.5619
2023-03-23_18:30:00   nan   nan   116.9039   13.6185
2023-03-23_05:05:00   nan   nan   3384.9912   13.1977
2023-03-23_20:40:00   nan   nan   147.8664   13.3848
2023-03-23_12:05:00   nan   nan   2.9920   9.5153
2023-03-23_12:10:00   nan   nan   6.5728   9.5153
2023-03-23_09:25:00   nan   nan   10120.6498   13.7665
2023-03-23_13:45:00   nan   nan   34.9267   9.5347
2023-03-23_05:00:00   nan   nan   5210.7572   13.1977
2023-03-23_12:40:00   nan   nan   27.5398   9.1185
2023-03-23_11:10:00   nan   nan   191.8233   13.5604
2023-03-23_12:00:00   nan   nan   188.9049   13.3618
2023-03-23_08:00:00   nan   nan   882.0832   13.3734
2023-03-23_06:55:00   nan   nan   836.1112   12.9810
2023-03-23_01:15:00   nan   nan   602.1756   13.1665
2023-03-23_08:30:00   nan   nan   5689.7711   13.3687
2023-03-23_03:10:00   nan   nan   311.7365   13.1899
2023-03-23_17:25:00   nan   nan   nan   nan
2023-03-23_11:45:00   nan   nan   23.1198   13.5619
2023-03-23_03:00:00   nan   nan   506.5086   13.1899
2023-03-23_16:50:00   nan   nan   4.2925   9.3821
2023-03-23_21:25:00   nan   nan   75.4394   13.5710
2023-03-23_21:45:00   nan   nan   95.6294   13.5672
2023-03-23_04:15:00   nan   nan   436.2043   13.1977
2023-03-23_05:25:00   nan   nan   4791.1967   12.9960
2023-03-23_08:35:00   nan   nan   6677.0357   13.3687
2023-03-23_04:05:00   nan   nan   688.9208   13.1977
2023-03-23_04:25:00   nan   nan   318.7835   13.1977
2023-03-23_03:20:00   nan   nan   531.8188   13.1977
2023-03-23_21:40:00   nan   nan   76.7196   13.5672
2023-03-23_01:45:00   nan   nan   1080.8885   13.1712
2023-03-23_04:30:00   nan   nan   666.7631   13.2062
2023-03-23_06:05:00   nan   nan   710.8168   12.9881
2023-03-23_22:50:00   nan   nan   55.8431   13.5596
2023-03-23_22:45:00   nan   nan   75.4151   13.5604
2023-03-23_09:30:00   nan   nan   11075.5062   13.7665
2023-03-23_01:35:00   nan   nan   7629.7638   13.1712
2023-03-23_11:20:00   nan   nan   180.9204   13.5604
2023-03-23_19:00:00   nan   nan   73.3578   13.8200
2023-03-23_04:50:00   nan   nan   261.1899   13.1977
2023-03-23_03:15:00   nan   nan   409.9155   13.1977
2023-03-23_05:45:00   nan   nan   684.1852   12.9881
2023-03-23_21:55:00   nan   nan   84.6712   13.5642
2023-03-23_07:55:00   nan   nan   321.9622   13.3734
2023-03-23_11:15:00   nan   nan   194.7960   13.5619
2023-03-23_20:35:00   nan   nan   110.9837   13.3848
2023-03-23_17:50:00   nan   nan   5.6149   14.0310
2023-03-23_11:35:00   nan   nan   505.6434   13.5619
2023-03-23_05:30:00   nan   nan   1206.5598   12.9960
2023-03-23_08:25:00   nan   nan   673.6204   13.3687
2023-03-23_11:00:00   nan   nan   302.9238   13.5604
2023-03-23_08:20:00   nan   nan   22870.7617   13.3734
2023-03-23_21:05:00   nan   nan   104.2572   13.5755
2023-03-23_03:30:00   nan   nan   839.5370   13.1977
2023-03-23_16:00:00   nan   nan   nan   nan
2023-03-23_10:50:00   nan   nan   525.9117   13.5596
2023-03-23_01:25:00   nan   nan   25.5509   12.9644
2023-03-23_14:20:00   nan   nan   37.0273   8.7272
2023-03-23_10:30:00   nan   nan   1278.7236   13.5596
2023-03-23_01:20:00   nan   nan   3020.2022   12.9691
2023-03-23_15:25:00   nan   nan   6.7128   9.3821
2023-03-23_05:10:00   nan   nan   5442.8017   13.1977
2023-03-23_06:50:00   nan   nan   406.8675   12.9746
2023-03-23_09:30:00   nan   nan   11075.5062   13.7665
2023-03-23_07:40:00   nan   nan   2214.2962   13.3787
2023-03-23_15:45:00   nan   nan   4.4802   9.5958
2023-03-23_18:50:00   nan   nan   127.3415   13.8200
2023-03-23_11:15:00   nan   nan   194.7960   13.5619
2023-03-23_09:00:00   nan   nan   95778.3825   13.7694
2023-03-23_07:15:00   nan   nan   641.5068   13.1767
2023-03-23_10:10:00   nan   nan   1583.7891   13.5604
2023-03-23_16:10:00   nan   nan   3.3623   9.6096
2023-03-23_12:25:00   nan   nan   20.8645   9.3163
2023-03-23_10:45:00   nan   nan   838.5033   13.5596
2023-03-23_03:05:00   nan   nan   418.0343   13.1899
2023-03-23_21:30:00   nan   nan   100.0111   13.5710
2023-03-23_08:40:00   nan   nan   500.1954   13.3649
2023-03-23_11:35:00   nan   nan   505.6434   13.5619
2023-03-23_07:30:00   nan   nan   1144.1385   13.3787
2023-03-23_09:10:00   nan   nan   12168.7926   13.9717
2023-03-23_05:15:00   nan   nan   2708.2697   13.1977
2023-03-23_04:10:00   nan   nan   689.4966   13.1977
2023-03-23_06:40:00   nan   nan   1023.4532   13.1829
2023-03-23_02:50:00   nan   nan   473.7240   13.1899
2023-03-23_01:40:00   nan   nan   3064.7718   13.1712
2023-03-23_16:55:00   nan   nan   4.6418   9.3821
2023-03-23_08:50:00   nan   nan   834.4824   13.5672
2023-03-23_09:05:00   nan   nan   39836.0728   14.1740
2023-03-23_20:15:00   nan   nan   129.7433   13.3917
2023-03-23_22:25:00   nan   nan   84.0279   13.5619
2023-03-23_07:50:00   nan   nan   4608.6255   13.3787
2023-03-23_06:30:00   nan   nan   578.3661   13.1829
2023-03-23_04:55:00   nan   nan   240.1184   13.1977
2023-03-23_04:45:00   nan   nan   564.2650   13.1977
2023-03-23_03:45:00   nan   nan   481.4450   13.1977
2023-03-23_12:35:00   nan   nan   28.5472   9.1185
2023-03-23_12:00:00   nan   nan   188.9049   13.3618
2023-03-23_01:50:00   nan   nan   738.8219   13.1712
2023-03-23_19:45:00   nan   nan   151.3713   13.6011
2023-03-23_04:10:00   nan   nan   689.4966   13.1977
2023-03-23_13:20:00   nan   nan   29.0426   9.5282
2023-03-23_03:30:00   nan   nan   839.5370   13.1977
2023-03-23_11:05:00   nan   nan   286.1803   13.5604
2023-03-23_03:20:00   nan   nan   531.8188   13.1977
2023-03-23_12:10:00   nan   nan   6.5728   9.5153
2023-03-23_08:50:00   nan   nan   834.4824   13.5672
2023-03-23_10:05:00   nan   nan   1511.3115   13.5604
2023-03-23_17:20:00   nan   nan   3.3292   9.6096
2023-03-23_16:20:00   nan   nan   2.6282   9.8100
2023-03-23_10:10:00   nan   nan   1583.7891   13.5604
2023-03-23_13:55:00   nan   nan   35.9882   9.1309
2023-03-23_03:50:00   nan   nan   274.4875   13.1977
2023-03-23_22:10:00   nan   nan   99.2806   13.5642
2023-03-23_07:25:00   nan   nan   934.7504   13.1767
2023-03-23_05:25:00   nan   nan   4791.1967   12.9960
2023-03-23_05:15:00   nan   nan   2708.2697   13.1977
2023-03-23_19:30:00   nan   nan   86.5062   13.8111
2023-03-23_12:40:00   nan   nan   27.5398   9.1185
2023-03-23_02:20:00   nan   nan   222.5970   12.9746
2023-03-23_05:35:00   nan   nan   364.6179   12.9881
2023-03-23_09:00:00   nan   nan   95778.3825   13.7694
2023-03-23_09:20:00   nan   nan   8600.6285   13.7665
2023-03-23_14:45:00   nan   nan   3.1169   14.4339
2023-03-23_03:45:00   nan   nan   481.4450   13.1977
2023-03-23_10:15:00   nan   nan   1224.2015   13.5596
2023-03-23_16:45:00   nan   nan   3.6771   9.3821
2023-03-23_06:40:00   nan   nan   1023.4532   13.1829
2023-03-23_07:35:00   nan   nan   1546.9097   13.3787
2023-03-23_15:00:00   nan   nan   5.2173   9.5958
2023-03-23_11:40:00   nan   nan   343.6753   13.5619
2023-03-23_18:45:00   nan   nan   168.0644   13.6185
2023-03-23_12:30:00   nan   nan   27.5625   9.3207
2023-03-23_08:25:00   nan   nan   673.6204   13.3687
2023-03-23_20:10:00   nan   nan   90.3492   13.3917
2023-03-23_11:20:00   nan   nan   180.9204   13.5604
2023-03-23_20:30:00   nan   nan   99.7336   13.3848
2023-03-23_13:10:00   nan   nan   27.0038   9.3262
2023-03-23_05:30:00   nan   nan   1206.5598   12.9960
2023-03-23_03:35:00   nan   nan   994.8195   13.1977
2023-03-23_09:50:00   nan   nan   1336.5012   13.7642
2023-03-23_11:25:00   nan   nan   171.1417   13.5604
2023-03-23_22:35:00   nan   nan   71.0655   13.5604
2023-03-23_06:45:00   nan   nan   1463.3433   13.1829
2023-03-23_05:40:00   nan   nan   463.5378   12.9881
2023-03-23_18:40:00   nan   nan   130.2034   13.6185
2023-03-23_08:45:00   nan   nan   1065.4187   13.5672
2023-03-23_18:10:00   nan   nan   97.5918   13.8296
2023-03-23_19:55:00   nan   nan   31.6998   13.6011
2023-03-23_13:30:00   nan   nan   34.0635   9.3262
2023-03-23_12:45:00   nan   nan   26.1610   9.1185
2023-03-23_02:25:00   nan   nan   857.1725   12.9810
2023-03-23_17:45:00   nan   nan   2.4033   14.0413
2023-03-23_16:40:00   nan   nan   3.5679   9.5958
2023-03-23_12:55:00   nan   nan   35.6799   9.1242
2023-03-23_16:30:00   nan   nan   3.0070   9.5958
2023-03-23_12:45:00   nan   nan   26.1610   9.1185
2023-03-23_12:15:00   nan   nan   14.9357   9.5185
2023-03-23_13:15:00   nan   nan   28.1438   9.5282
2023-03-23_17:55:00   nan   nan   10.0601   14.0310
2023-03-23_04:25:00   nan   nan   318.7835   13.1977
2023-03-23_08:10:00   nan   nan   8254.8045   13.3734
2023-03-23_08:45:00   nan   nan   1065.4187   13.5672
2023-03-23_10:00:00   nan   nan   1292.8197   13.7627
2023-03-23_15:15:00   nan   nan   5.7601   9.3821
2023-03-23_07:45:00   nan   nan   3693.4043   13.3787
2023-03-23_05:40:00   nan   nan   463.5378   12.9881
2023-03-23_09:20:00   nan   nan   8600.6285   13.7665
2023-03-23_10:20:00   nan   nan   1868.0483   13.5596
2023-03-23_22:05:00   nan   nan   84.1514   13.5642
2023-03-23_11:00:00   nan   nan   302.9238   13.5604
2023-03-23_01:30:00   nan   nan   7588.3381   13.1712
2023-03-23_18:00:00   nan   nan   20.1231   13.8296
2023-03-23_22:55:00   nan   nan   55.5925   13.5596
2023-03-23_08:20:00   nan   nan   22870.7617   13.3734
2023-03-23_03:25:00   nan   nan   230.7515   13.1899
2023-03-23_09:45:00   nan   nan   2493.5600   13.7642
2023-03-23_15:20:00   nan   nan   5.9592   9.3821
2023-03-23_14:50:00   nan   nan   6.0993   9.5712
2023-03-23_04:35:00   nan   nan   497.9005   13.1977
2023-03-23_06:45:00   nan   nan   1463.3433   13.1829
2023-03-23_10:35:00   nan   nan   552.7256   13.5596
2023-03-23_12:30:00   nan   nan   27.5625   9.3207
2023-03-23_19:20:00   nan   nan   50.9926   13.8111
2023-03-23_03:40:00   nan   nan   1013.5313   13.1977
2023-03-23_05:50:00   nan   nan   909.8019   12.9881
2023-03-23_02:10:00   nan   nan   1927.4945   12.9746
2023-03-23_07:40:00   nan   nan   2214.2962   13.3787
2023-03-23_15:50:00   nan   nan   4.8157   9.3952
2023-03-23_17:00:00   nan   nan   3.8179   9.6096
2023-03-23_00:30:00   nan   nan   181.4481   13.1572
2023-03-23_14:10:00   nan   nan   38.8815   8.9291
2023-03-23_03:25:00   nan   nan   230.7515   13.1899
2023-03-23_05:55:00   nan   nan   796.3150   12.9881
2023-03-23_12:50:00   nan   nan   34.9304   9.1242
2023-03-23_11:30:00   nan   nan   431.4927   13.5619
2023-03-23_07:05:00   nan   nan   659.1747   12.9746
2023-03-23_04:00:00   nan   nan   756.3892   13.1977
2023-03-23_08:40:00   nan   nan   500.1954   13.3649
2023-03-23_13:40:00   nan   nan   35.6751   9.1242
2023-03-23_18:55:00   nan   nan   95.9556   13.8200
2023-03-23_11:55:00   nan   nan   308.7634   13.5642
2023-03-23_11:05:00   nan   nan   286.1803   13.5604
2023-03-23_05:20:00   nan   nan   296.1800   12.9881
2023-03-23_13:20:00   nan   nan   29.0426   9.5282
2023-03-23_09:40:00   nan   nan   3097.7444   13.7665
2023-03-23_10:30:00   nan   nan   1278.7236   13.5596
2023-03-23_07:00:00   nan   nan   464.0513   12.9746
2023-03-23_01:10:00   nan   nan   42536.5169   13.1712
2023-03-23_14:35:00   nan   nan   22.2494   13.6094
2023-03-23_21:50:00   nan   nan   111.5792   13.5672
2023-03-23_11:10:00   nan   nan   191.8233   13.5604
2023-03-23_07:00:00   nan   nan   464.0513   12.9746
2023-03-23_08:05:00   nan   nan   2020.4788   13.3734
2023-03-23_05:20:00   nan   nan   296.1800   12.9881
2023-03-23_18:25:00   nan   nan   103.4097   13.6185
2023-03-23_15:30:00   nan   nan   6.6234   9.1813
2023-03-23_03:35:00   nan   nan   994.8195   13.1977
2023-03-23_22:20:00   nan   nan   86.1476   13.5619
2023-03-23_20:20:00   nan   nan   100.7683   13.3917
2023-03-23_07:20:00   nan   nan   690.9351   13.1767
2023-03-23_04:35:00   nan   nan   497.9005   13.1977
2023-03-23_21:00:00   nan   nan   87.3018   13.3734
2023-03-23_09:40:00   nan   nan   3097.7444   13.7665
2023-03-23_00:55:00   nan   nan   353.3729   13.1627
2023-03-23_20:25:00   nan   nan   129.5216   13.3917
2023-03-23_00:45:00   nan   nan   383.6570   13.1595
2023-03-23_17:40:00   nan   nan   1.1309   14.4545
2023-03-23_19:15:00   nan   nan   45.3988   13.8111
2023-03-23_06:00:00   nan   nan   876.7041   12.9960
2023-03-23_11:45:00   nan   nan   23.1198   13.5619
2023-03-23_20:05:00   nan   nan   55.3199   13.3917
2023-03-23_16:35:00   nan   nan   3.2845   9.5958
2023-03-23_14:25:00   nan   nan   29.1253   8.7272
2023-03-23_10:55:00   nan   nan   255.6032   13.5596
2023-03-23_09:45:00   nan   nan   2493.5600   13.7642
2023-03-23_14:00:00   nan   nan   35.2157   9.1309
2023-03-23_18:15:00   nan   nan   125.2421   13.8296
2023-03-23_14:40:00   nan   nan   6.3093   14.2231
2023-03-23_07:05:00   nan   nan   659.1747   12.9746
2023-03-23_13:00:00   nan   nan   29.0667   9.3262
2023-03-23_12:15:00   nan   nan   14.9357   9.5185
2023-03-23_08:30:00   nan   nan   5689.7711   13.3687
2023-03-23_04:00:00   nan   nan   756.3892   13.1977
2023-03-23_17:15:00   nan   nan   3.5587   9.5958
2023-03-23_07:10:00   nan   nan   696.1219   12.9746
2023-03-23_15:05:00   nan   nan   5.2289   9.3821
2023-03-23_16:15:00   nan   nan   nan   nan
2023-03-23_04:40:00   nan   nan   278.6504   13.1977
2023-03-23_03:55:00   nan   nan   373.0810   13.1977
2023-03-23_02:30:00   nan   nan   527.6168   12.9810
2023-03-23_07:25:00   nan   nan   934.7504   13.1767
2023-03-23_02:55:00   nan   nan   531.6969   13.1899
2023-03-23_13:40:00   nan   nan   35.6751   9.1242
2023-03-23_08:35:00   nan   nan   6677.0357   13.3687
2023-03-23_22:30:00   nan   nan   83.9067   13.5619
2023-03-23_13:35:00   nan   nan   33.3843   9.3262
2023-03-23_19:50:00   nan   nan   79.1935   13.6011
2023-03-23_16:05:00   nan   nan   nan   nan
2023-03-23_10:45:00   nan   nan   838.5033   13.5596
2023-03-23_10:25:00   nan   nan   3518.0232   13.5596
2023-03-23_18:05:00   nan   nan   46.3845   13.8296
2023-03-23_13:15:00   nan   nan   28.1438   9.5282
2023-03-23_10:55:00   nan   nan   255.6032   13.5596
2023-03-23_01:00:00   nan   nan   345.2247   13.1627
2023-03-23_06:55:00   nan   nan   836.1112   12.9810
2023-03-23_19:25:00   nan   nan   62.6128   13.8200
2023-03-23_19:05:00   nan   nan   48.7408   13.8200
2023-03-23_09:10:00   nan   nan   12168.7926   13.9717
2023-03-23_08:55:00   nan   nan   2968.9899   13.5672
2023-03-23_06:25:00   nan   nan   2531.6944   13.1899
2023-03-23_16:25:00   nan   nan   nan   nan
2023-03-23_17:35:00   nan   nan   nan   nan
2023-03-23_03:10:00   nan   nan   311.7365   13.1899
2023-03-23_02:15:00   nan   nan   412.7130   12.9746
2023-03-23_07:45:00   nan   nan   3693.4043   13.3787
2023-03-23_09:55:00   nan   nan   679.6016   13.7627
2023-03-23_02:05:00   nan   nan   1256.3905   12.9746
2023-03-23_00:35:00   nan   nan   289.7438   13.3618
2023-03-23_01:55:00   nan   nan   1002.1297   13.1767
2023-03-23_10:40:00   nan   nan   269.2723   13.5596
2023-03-23_17:30:00   nan   nan   nan   nan
2023-03-23_13:45:00   nan   nan   34.9267   9.5347
2023-03-23_06:10:00   nan   nan   1502.3012   12.9881
2023-03-23_07:20:00   nan   nan   690.9351   13.1767
2023-03-23_15:35:00   nan   nan   5.4475   9.3952
2023-03-23_15:10:00   nan   nan   5.2679   9.3821
2023-03-23_07:10:00   nan   nan   696.1219   12.9746
2023-03-23_19:40:00   nan   nan   225.8848   13.6094
2023-03-23_04:55:00   nan   nan   240.1184   13.1977
2023-03-23_12:20:00   nan   nan   22.5680   9.3163
2023-03-23_04:20:00   nan   nan   321.5626   13.1977
2023-03-23_03:55:00   nan   nan   373.0810   13.1977
2023-03-23_23:00:00   nan   nan   52.0719   13.5596
2023-03-23_11:55:00   nan   nan   308.7634   13.5642
2023-03-23_19:10:00   nan   nan   10.4759   9.9632
2023-03-23_02:35:00   nan   nan   428.1493   13.1829
2023-03-23_22:15:00   nan   nan   80.2254   13.5619
2023-03-23_09:15:00   nan   nan   3521.1721   13.9717
2023-03-23_04:50:00   nan   nan   261.1899   13.1977
2023-03-23_06:35:00   nan   nan   1620.7655   13.1829
2023-03-23_07:30:00   nan   nan   1144.1385   13.3787
2023-03-23_14:15:00   nan   nan   40.2721   8.7272
2023-03-23_04:40:00   nan   nan   278.6504   13.1977
2023-03-23_18:20:00   nan   nan   161.0779   13.8296
2023-03-23_10:20:00   nan   nan   1868.0483   13.5596
2023-03-23_12:05:00   nan   nan   2.9920   9.5153
2023-03-23_02:45:00   nan   nan   249.5349   13.1829
2023-03-23_13:35:00   nan   nan   33.3843   9.3262
2023-03-23_13:00:00   nan   nan   29.0667   9.3262
2023-03-23_15:40:00   nan   nan   4.9829   9.3952
2023-03-23_21:15:00   nan   nan   93.5851   13.5755
2023-03-23_04:15:00   nan   nan   436.2043   13.1977
2023-03-23_20:55:00   nan   nan   133.2285   13.3787
2023-03-23_10:00:00   nan   nan   1292.8197   13.7627
2023-03-23_18:35:00   nan   nan   113.8847   13.6185
2023-03-23_15:55:00   nan   nan   nan   nan
2023-03-23_20:00:00   nan   nan   40.6232   13.3917
2023-03-23_06:15:00   nan   nan   1473.5648   12.9881
2023-03-23_06:20:00   nan   nan   3625.0010   12.9881
2023-03-23_06:10:00   nan   nan   1502.3012   12.9881
2023-03-23_14:05:00   nan   nan   37.3874   8.9291
2023-03-23_06:35:00   nan   nan   1620.7655   13.1829
2023-03-23_03:15:00   nan   nan   409.9155   13.1977
2023-03-23_13:30:00   nan   nan   34.0635   9.3262
2023-03-23_09:35:00   nan   nan   11421.0181   13.7665
2023-03-23_22:40:00   nan   nan   76.7418   13.5604
2023-03-23_12:20:00   nan   nan   22.5680   9.3163
2023-03-23_05:10:00   nan   nan   5442.8017   13.1977
2023-03-23_13:50:00   nan   nan   35.0264   9.3328
2023-03-23_06:20:00   nan   nan   3625.0010   12.9881
2023-03-23_13:05:00   nan   nan   25.8366   9.3262
2023-03-23_10:50:00   nan   nan   525.9117   13.5596
2023-03-23_13:10:00   nan   nan   27.0038   9.3262
2023-03-23_10:25:00   nan   nan   3518.0232   13.5596
2023-03-23_03:40:00   nan   nan   1013.5313   13.1977
2023-03-23_12:35:00   nan   nan   28.5472   9.1185
2023-03-23_04:20:00   nan   nan   321.5626   13.1977
2023-03-23_08:15:00   nan   nan   10095.1362   13.5755
2023-03-23_01:05:00   nan   nan   3021.9852   13.1665
2023-03-23_20:45:00   nan   nan   76.0439   13.3787
2023-03-23_06:25:00   nan   nan   2531.6944   13.1899
2023-03-23_03:50:00   nan   nan   274.4875   13.1977
2023-03-23_06:30:00   nan   nan   578.3661   13.1829
2023-03-23_20:50:00   nan   nan   103.0590   13.3787
2023-03-23_02:40:00   nan   nan   249.7725   13.1829
2023-03-23_05:35:00   nan   nan   364.6179   12.9881
2023-03-23_11:50:00   nan   nan   46.7095   13.5619
2023-03-23_02:00:00   nan   nan   872.5116   13.1767
2023-03-23_09:25:00   nan   nan   10120.6498   13.7665
2023-03-23_13:25:00   nan   nan   31.5965   9.5282
2023-03-23_05:55:00   nan   nan   796.3150   12.9881
2023-03-23_04:05:00   nan   nan   688.9208   13.1977
2023-03-23_11:30:00   nan   nan   431.4927   13.5619
2023-03-23_07:35:00   nan   nan   1546.9097   13.3787
2023-03-23_10:05:00   nan   nan   1511.3115   13.5604
2023-03-23_06:50:00   nan   nan   406.8675   12.9746
2023-03-23_09:05:00   nan   nan   39836.0728   14.1740
2023-03-23_04:30:00   nan   nan   666.7631   13.2062
2023-03-23_00:40:00   nan   nan   309.7865   13.3618
2023-03-23_14:55:00   nan   nan   6.0042   9.5829
2023-03-23_08:00:00   nan   nan   882.0832   13.3734
2023-03-23_21:10:00   nan   nan   106.1236   13.5755
2023-03-23_13:25:00   nan   nan   31.5965   9.5282
2023-03-23_07:55:00   nan   nan   321.9622   13.3734
2023-03-23_05:50:00   nan   nan   909.8019   12.9881
2023-03-23_10:35:00   nan   nan   552.7256   13.5596
2023-03-23_05:45:00   nan   nan   684.1852   12.9881
2023-03-23_11:25:00   nan   nan   171.1417   13.5604
2023-03-23_09:50:00   nan   nan   1336.5012   13.7642
2023-03-23_09:35:00   nan   nan   11421.0181   13.7665
2023-03-23_06:05:00   nan   nan   710.8168   12.9881
2023-03-23_07:50:00   nan   nan   4608.6255   13.3787
2023-03-23_05:00:00   nan   nan   5210.7572   13.1977
2023-03-23_06:00:00   nan   nan   876.7041   12.9960
2023-03-23_21:35:00   nan   nan   107.4825   13.5710
2023-03-23_11:40:00   nan   nan   343.6753   13.5619
2023-03-23_12:50:00   nan   nan   34.9304   9.1242
2023-03-23_22:00:00   nan   nan   84.0500   13.5642
2023-03-23_04:45:00   nan   nan   564.2650   13.1977
2023-03-23_09:55:00   nan   nan   679.6016   13.7627
2023-03-23_09:15:00   nan   nan   3521.1721   13.9717
2023-03-23_10:40:00   nan   nan   269.2723   13.5596
2023-03-23_05:05:00   nan   nan   3384.9912   13.1977
2023-03-23_07:15:00   nan   nan   641.5068   13.1767
2023-03-23_06:15:00   nan   nan   1473.5648   12.9881
2023-03-23_10:15:00   nan   nan   1224.2015   13.5596
2023-03-23_19:35:00   nan   nan   167.9166   13.8111
2023-03-23_23:05:00   nan   nan   50.8136   13.5596
2023-03-23_13:05:00   nan   nan   25.8366   9.3262
2023-03-23_08:55:00   nan   nan   2968.9899   13.5672
2023-03-23_00:50:00   nan   nan   633.3290   13.1627
2023-03-23_08:05:00   nan   nan   2020.4788   13.3734
2023-03-23_12:25:00   nan   nan   20.8645   9.3163
2023-03-23_17:10:00   nan   nan   3.7245   9.6096
