Format:
           1) Time
           2) Maximal reconnection rate at closest pressure dip
           3) Distance from earth
           4) Rate from critical
           5) Distance from critical
2023-11-05_21:20:00   164.2778   14.1466   12.6194   5.3318
2023-11-05_08:15:00   15.1227   13.8014   nan   nan
2023-11-05_12:55:00   16.4528   14.6077   4.8368   9.3700
2023-11-05_08:10:00   15.2068   13.8014   nan   nan
2023-11-05_14:30:00   51.1932   8.3419   15.2183   5.8797
2023-11-05_17:05:00   8102.5583   15.1050   41.6402   5.4701
2023-11-05_11:50:00   471547.7246   13.3591   4.8518   9.3821
2023-11-05_18:30:00   10457.6593   12.3810   8.1827   5.6777
2023-11-05_05:05:00   21.1887   13.9417   3.7359   14.9165
2023-11-05_20:40:00   254.9518   14.1365   32.1577   5.7477
2023-11-05_12:05:00   445.3826   15.3378   21.6192   10.1979
2023-11-05_12:10:00   373.7433   15.5144   92.4699   13.0353
2023-11-05_09:25:00   186.5280   14.8673   7.1163   9.0602
2023-11-05_13:45:00   13.1133   8.6745   3.2095   6.2903
2023-11-05_05:00:00   24.1650   13.9417   2.3368   15.1583
2023-11-05_12:40:00   41.6336   15.6284   23.6023   13.2155
2023-11-05_11:10:00   137.3369   12.3836   29.8467   8.5662
2023-11-05_12:00:00   1706.8827   15.2417   17.5643   9.9971
2023-11-05_08:00:00   15.0984   13.8014   nan   nan
2023-11-05_06:55:00   16.7889   14.0842   2.1027   14.9165
2023-11-05_01:15:00   24.7770   14.1518   3.0238   14.4577
2023-11-05_08:30:00   14.8151   13.8014   nan   nan
2023-11-05_03:10:00   244.6021   14.0361   9.9586   14.3240
2023-11-05_17:25:00   6857.4661   15.0299   44.8926   5.6777
2023-11-05_11:45:00   11734.7925   13.1745   9.1002   9.1813
2023-11-05_03:00:00   58.7661   13.8407   1.0739   14.5214
2023-11-05_16:50:00   16879778.1247   13.5022   7.3398   5.2680
2023-11-05_21:25:00   122.8949   14.1171   17.2404   5.5483
2023-11-05_21:45:00   46.1000   15.8119   10.0249   5.5483
2023-11-05_04:15:00   31.2861   13.2968   4.6641   15.2049
2023-11-05_05:25:00   41.7424   13.8083   5.7418   14.4994
2023-11-05_08:35:00   15.3805   13.8014   nan   nan
2023-11-05_04:05:00   19.9760   14.2288   nan   nan
2023-11-05_04:25:00   68.4994   14.9694   6.8450   15.0083
2023-11-05_03:20:00   1299.1946   14.1867   185.0340   14.3240
2023-11-05_21:40:00   42.6609   14.0911   10.7248   5.5483
2023-11-05_01:45:00   8.6986   13.9461   2.5139   9.6610
2023-11-05_04:30:00   68.2198   14.9339   13.0891   14.7877
2023-11-05_06:05:00   32.7456   14.0878   3.6272   14.7641
2023-11-05_22:50:00   53.6005   15.7982   12.8638   9.5166
2023-11-05_22:45:00   67.5611   15.6248   12.9698   9.7147
2023-11-05_09:30:00   190.0935   14.7192   6.4680   9.2592
2023-11-05_01:35:00   24.9069   13.0598   2.8915   9.9112
2023-11-05_11:20:00   188.2474   12.3836   35.6615   8.5662
2023-11-05_19:00:00   9978.9496   12.3810   7.7162   5.4758
2023-11-05_04:50:00   19.6825   14.0856   nan   nan
2023-11-05_03:15:00   521.3707   14.0361   79.5836   14.3018
2023-11-05_05:45:00   32.7844   14.0041   1.7615   14.4994
2023-11-05_21:55:00   47.3588   15.8275   7.3816   5.7477
2023-11-05_07:55:00   14.8317   13.8014   nan   nan
2023-11-05_11:15:00   173.9462   12.3836   32.7691   8.5662
2023-11-05_20:35:00   167.7545   14.0960   27.3944   5.5317
2023-11-05_17:50:00   10269.0023   12.9209   17.7863   5.6777
2023-11-05_11:35:00   226.5079   12.9819   15.5238   9.1947
2023-11-05_05:30:00   40.4292   13.8083   5.6458   14.4994
2023-11-05_08:25:00   14.4810   13.8014   nan   nan
2023-11-05_11:00:00   106.8766   12.5277   16.7404   8.3655
2023-11-05_08:20:00   15.1011   13.8014   nan   nan
2023-11-05_21:05:00   487.5290   14.1898   22.8154   5.5483
2023-11-05_03:30:00   3367.6629   13.8848   9.0395   9.6345
2023-11-05_16:00:00   5276.9188   12.7532   119.7729   5.6723
2023-11-05_10:50:00   287.7086   12.7896   20.8958   8.7940
2023-11-05_01:25:00   40.5897   13.4560   3.4781   9.9112
2023-11-05_14:20:00   1009.6637   6.6528   10.9255   5.6777
2023-11-05_10:30:00   207705.2848   14.5199   10.0208   8.7940
2023-11-05_01:20:00   30.5490   12.9473   4.0774   14.6763
2023-11-05_15:25:00   753462.3913   6.2140   6.0108   5.6687
2023-11-05_05:10:00   17.7400   13.9424   3.0354   14.4994
2023-11-05_06:50:00   32.8919   14.1038   6.7791   14.6763
2023-11-05_09:30:00   190.0935   14.7192   6.4680   9.2592
2023-11-05_07:40:00   14.1543   13.8022   nan   nan
2023-11-05_15:45:00   4946.4126   12.8043   47.0157   6.0767
2023-11-05_18:50:00   12102.6286   12.3810   24.9274   5.8867
2023-11-05_11:15:00   173.9462   12.3836   32.7691   8.5662
2023-11-05_09:00:00   20.0805   13.9424   nan   nan
2023-11-05_07:15:00   14.2399   14.0842   nan   nan
2023-11-05_10:10:00   218.5105   14.2895   7.0281   9.2248
2023-11-05_16:10:00   2370.5013   12.3752   201.4718   5.6723
2023-11-05_12:25:00   112.6778   15.1895   55.3833   13.2365
2023-11-05_10:45:00   1101.4439   12.8501   19.3908   8.7940
2023-11-05_03:05:00   107.0463   14.0246   17.8419   14.3469
2023-11-05_21:30:00   85.9484   14.1171   21.1057   5.5483
2023-11-05_08:40:00   13.9606   13.8014   nan   nan
2023-11-05_11:35:00   226.5079   12.9819   15.5238   9.1947
2023-11-05_07:30:00   14.3976   13.8014   nan   nan
2023-11-05_09:10:00   86.9171   14.8859   4.3879   9.2780
2023-11-05_05:15:00   20.0266   14.2288   1.8540   14.9844
2023-11-05_04:10:00   20.3949   14.2310   nan   nan
2023-11-05_06:40:00   43.0444   14.0361   7.7364   14.5214
2023-11-05_02:50:00   33.9577   14.1581   2.7849   14.7411
2023-11-05_01:40:00   8.6835   13.9461   2.6620   9.6610
2023-11-05_16:55:00   3416293.4280   13.8909   21.3968   5.4701
2023-11-05_08:50:00   15.9881   13.8014   nan   nan
2023-11-05_09:05:00   20.4814   13.8022   nan   nan
2023-11-05_20:15:00   550.8315   14.3669   25.1572   5.7173
2023-11-05_22:25:00   75.7316   15.5551   14.4774   9.8569
2023-11-05_07:50:00   15.0877   13.8014   nan   nan
2023-11-05_06:30:00   70.1589   13.8561   3.9153   14.4994
2023-11-05_04:55:00   25.3434   13.9424   2.1783   15.1583
2023-11-05_04:45:00   24.5845   14.2310   2.3788   14.9844
2023-11-05_03:45:00   77.1586   13.6269   2.5130   15.2292
2023-11-05_12:35:00   75.0655   12.9937   30.5388   13.4269
2023-11-05_12:00:00   1706.8827   15.2417   17.5643   9.9971
2023-11-05_01:50:00   9.1285   13.9461   2.4154   9.8832
2023-11-05_19:45:00   249.9644   9.4517   13.5815   5.9058
2023-11-05_04:10:00   20.3949   14.2310   nan   nan
2023-11-05_13:20:00   21.9784   14.8673   2.7170   8.3323
2023-11-05_03:30:00   3367.6629   13.8848   9.0395   9.6345
2023-11-05_11:05:00   137.6538   12.5277   24.1432   8.5794
2023-11-05_03:20:00   1299.1946   14.1867   185.0340   14.3240
2023-11-05_12:10:00   373.7433   15.5144   92.4699   13.0353
2023-11-05_08:50:00   15.9881   13.8014   nan   nan
2023-11-05_10:05:00   51.2970   14.5389   9.4593   14.3652
2023-11-05_17:20:00   3378.7671   15.4561   13.4265   5.4701
2023-11-05_16:20:00   3781.8835   12.4979   25.8637   5.4701
2023-11-05_10:10:00   218.5105   14.2895   7.0281   9.2248
2023-11-05_13:55:00   16.7525   8.4298   4.4867   6.0885
2023-11-05_03:50:00   48.9796   13.6269   2.4599   9.6496
2023-11-05_22:10:00   62.9423   15.4822   14.5854   9.6575
2023-11-05_07:25:00   15.6044   14.0842   nan   nan
2023-11-05_05:25:00   41.7424   13.8083   5.7418   14.4994
2023-11-05_05:15:00   20.0266   14.2288   1.8540   14.9844
2023-11-05_19:30:00   99.3324   9.4517   17.7032   5.9058
2023-11-05_12:40:00   41.6336   15.6284   23.6023   13.2155
2023-11-05_02:20:00   10.0473   14.0878   2.4796   9.8832
2023-11-05_05:35:00   38.7152   14.0246   1.1641   14.5214
2023-11-05_09:00:00   20.0805   13.9424   nan   nan
2023-11-05_09:20:00   13.9025   13.5264   nan   nan
2023-11-05_14:45:00   123.0124   14.5371   19.8222   5.8797
2023-11-05_03:45:00   77.1586   13.6269   2.5130   15.2292
2023-11-05_10:15:00   132.5353   14.2482   5.8557   9.4409
2023-11-05_16:45:00   36796.0739   12.3752   25.0824   5.2680
2023-11-05_06:40:00   43.0444   14.0361   7.7364   14.5214
2023-11-05_07:35:00   16.0247   13.9417   nan   nan
2023-11-05_15:00:00   168.1827   14.6843   27.7531   5.8797
2023-11-05_11:40:00   1592.5244   12.9023   17.0894   9.1813
2023-11-05_18:45:00   9502.5536   12.3810   18.9675   5.8867
2023-11-05_12:30:00   89.7664   12.9371   40.6407   13.4269
2023-11-05_08:25:00   14.4810   13.8014   nan   nan
2023-11-05_20:10:00   431.6350   14.1270   22.4528   5.9180
2023-11-05_11:20:00   188.2474   12.3836   35.6615   8.5662
2023-11-05_20:30:00   142.3730   14.1270   17.6386   5.5168
2023-11-05_13:10:00   13.5765   14.7282   3.0497   9.1690
2023-11-05_05:30:00   40.4292   13.8083   5.6458   14.4994
2023-11-05_03:35:00   283.1435   14.5028   56.0086   14.6157
2023-11-05_09:50:00   115.6838   14.4437   9.9214   14.1177
2023-11-05_11:25:00   218.7601   12.3836   32.3091   8.7671
2023-11-05_22:35:00   65.5197   15.6064   12.7627   9.6946
2023-11-05_06:45:00   39.7528   14.1176   2.5293   14.6972
2023-11-05_05:40:00   34.0415   14.0566   5.4002   14.5439
2023-11-05_18:40:00   8977.3728   12.3810   7.4728   5.6777
2023-11-05_08:45:00   15.0043   13.8014   nan   nan
2023-11-05_18:10:00   3177.3637   12.3810   21.1322   5.6777
2023-11-05_19:55:00   116.0418   14.0401   12.7960   5.6940
2023-11-05_13:30:00   19.0995   14.7192   2.4073   8.5435
2023-11-05_12:45:00   30.9750   12.7102   11.0912   13.4170
2023-11-05_02:25:00   10.6827   14.0856   2.4846   9.9112
2023-11-05_17:45:00   9316209.8327   12.7885   4.9554   5.6777
2023-11-05_16:40:00   17605.2783   12.4979   47.5576   5.2680
2023-11-05_12:55:00   16.4528   14.6077   4.8368   9.3700
2023-11-05_16:30:00   1411630.8691   7.2086   1017.1936   5.4758
2023-11-05_12:45:00   30.9750   12.7102   11.0912   13.4170
2023-11-05_12:15:00   321.6275   15.2612   86.4604   13.0353
2023-11-05_13:15:00   17.3409   14.8762   2.5877   8.7448
2023-11-05_17:55:00   4131.3904   12.3777   27.2944   5.6777
2023-11-05_04:25:00   68.4994   14.9694   6.8450   15.0083
2023-11-05_08:10:00   15.2068   13.8014   nan   nan
2023-11-05_08:45:00   15.0043   13.8014   nan   nan
2023-11-05_10:00:00   289.4416   14.4259   6.3219   9.0250
2023-11-05_15:15:00   755.6247   14.2734   21.9323   5.6687
2023-11-05_07:45:00   13.8425   13.8014   nan   nan
2023-11-05_05:40:00   34.0415   14.0566   5.4002   14.5439
2023-11-05_09:20:00   13.9025   13.5264   nan   nan
2023-11-05_10:20:00   276.1070   14.1287   10.9056   9.6246
2023-11-05_22:05:00   60.6480   15.6545   5.6227   5.9646
2023-11-05_11:00:00   106.8766   12.5277   16.7404   8.3655
2023-11-05_01:30:00   23.3670   13.2203   0.8511   14.8952
2023-11-05_18:00:00   3596.2683   12.2597   31.4403   5.6777
2023-11-05_22:55:00   107.1739   15.4522   17.7142   9.7358
2023-11-05_08:20:00   15.1011   13.8014   nan   nan
2023-11-05_03:25:00   3314.1543   14.1262   371.5399   14.1268
2023-11-05_09:45:00   313.1844   14.4259   6.3898   8.8254
2023-11-05_15:20:00   2782.5114   13.9840   18.1969   5.6687
2023-11-05_14:50:00   148.4635   14.6843   28.0473   5.8797
2023-11-05_04:35:00   49.5738   14.9011   9.2399   14.7877
2023-11-05_06:45:00   39.7528   14.1176   2.5293   14.6972
2023-11-05_10:35:00   282800.3543   13.1986   4.8341   8.7940
2023-11-05_12:30:00   89.7664   12.9371   40.6407   13.4269
2023-11-05_19:20:00   726.9635   14.5131   21.9282   5.8954
2023-11-05_03:40:00   110.8351   13.6269   17.2079   14.8119
2023-11-05_05:50:00   17.6644   13.8014   2.9583   14.4994
2023-11-05_02:10:00   10.7137   13.9461   2.5645   9.6886
2023-11-05_07:40:00   14.1543   13.8022   nan   nan
2023-11-05_15:50:00   5999.0055   12.8583   46.4225   6.0767
2023-11-05_17:00:00   235762.1713   15.3601   33.5021   5.4701
2023-11-05_00:30:00   20.6296   14.3253   2.9111   14.2010
2023-11-05_14:10:00   47.5230   9.7040   5.3597   5.8797
2023-11-05_03:25:00   3314.1543   14.1262   371.5399   14.1268
2023-11-05_05:55:00   17.3278   13.8014   3.8793   14.6972
2023-11-05_12:50:00   25.6941   14.4666   6.1015   9.1578
2023-11-05_11:30:00   231.5729   12.6371   20.0780   8.7671
2023-11-05_07:05:00   16.0008   13.9417   0.2560   15.1143
2023-11-05_04:00:00   19.4002   14.0842   nan   nan
2023-11-05_08:40:00   13.9606   13.8014   nan   nan
2023-11-05_13:40:00   15.9896   14.7108   3.0402   6.2903
2023-11-05_18:55:00   9376.1860   12.3810   11.5217   5.4758
2023-11-05_11:55:00   599801.7657   15.0788   12.5631   9.7964
2023-11-05_11:05:00   137.6538   12.5277   24.1432   8.5794
2023-11-05_05:20:00   33.8780   14.0246   2.0604   14.5214
2023-11-05_13:20:00   21.9784   14.8673   2.7170   8.3323
2023-11-05_09:40:00   277.8237   14.7322   7.6950   9.0420
2023-11-05_10:30:00   207705.2848   14.5199   10.0208   8.7940
2023-11-05_07:00:00   17.2538   13.9424   1.8858   14.9165
2023-11-05_01:10:00   32.3494   13.9360   2.0109   14.2594
2023-11-05_14:35:00   58.6201   8.5401   16.7656   5.8797
2023-11-05_21:50:00   43.9385   15.6387   8.4346   5.7656
2023-11-05_11:10:00   137.3369   12.3836   29.8467   8.5662
2023-11-05_07:00:00   17.2538   13.9424   1.8858   14.9165
2023-11-05_08:05:00   16.8014   13.8014   nan   nan
2023-11-05_05:20:00   33.8780   14.0246   2.0604   14.5214
2023-11-05_18:25:00   3949.5244   12.5012   10.8511   5.6777
2023-11-05_15:30:00   20686051.2176   13.5905   30.2349   5.8745
2023-11-05_03:35:00   283.1435   14.5028   56.0086   14.6157
2023-11-05_22:20:00   66.9201   15.6708   13.0417   9.4583
2023-11-05_20:20:00   577.0462   14.1703   22.4227   5.7173
2023-11-05_07:20:00   15.8359   13.9417   nan   nan
2023-11-05_04:35:00   49.5738   14.9011   9.2399   14.7877
2023-11-05_21:00:00   411.8550   14.1466   19.1699   5.5317
2023-11-05_09:40:00   277.8237   14.7322   7.6950   9.0420
2023-11-05_00:55:00   41.1370   13.9469   3.5974   14.2393
2023-11-05_20:25:00   243.1925   14.1270   18.9492   5.7173
2023-11-05_00:45:00   32.1742   13.9123   5.9213   14.2198
2023-11-05_17:40:00   76352.8941   15.0988   20.4741   5.6777
2023-11-05_19:15:00   180389.1134   13.6712   23.7553   5.9058
2023-11-05_06:00:00   17.1359   13.9417   4.6025   14.6972
2023-11-05_11:45:00   11734.7925   13.1745   9.1002   9.1813
2023-11-05_20:05:00   372.1380   14.1616   15.7474   5.7048
2023-11-05_16:35:00   618685.8781   7.2086   733.2134   5.2738
2023-11-05_14:25:00   31.9786   7.9460   14.6516   5.8867
2023-11-05_10:55:00   135.0891   12.7320   19.6873   8.7940
2023-11-05_09:45:00   313.1844   14.4259   6.3898   8.8254
2023-11-05_14:00:00   21.7834   8.3835   3.8737   5.8797
2023-11-05_18:15:00   4057.7643   12.3810   16.6519   5.6777
2023-11-05_14:40:00   113.8195   14.6843   25.4581   5.8797
2023-11-05_07:05:00   16.0008   13.9417   0.2560   15.1143
2023-11-05_13:00:00   16.3828   14.7192   4.2510   9.1690
2023-11-05_12:15:00   321.6275   15.2612   86.4604   13.0353
2023-11-05_08:30:00   14.8151   13.8014   nan   nan
2023-11-05_04:00:00   19.4002   14.0842   nan   nan
2023-11-05_17:15:00   2596.0618   15.3694   114.1860   5.6777
2023-11-05_07:10:00   15.5491   13.9417   2.4551   15.0932
2023-11-05_15:05:00   197.6603   14.5475   16.1346   5.6723
2023-11-05_16:15:00   5104.6974   12.7220   31.2510   5.4701
2023-11-05_04:40:00   31.8343   14.7537   3.0669   15.0083
2023-11-05_03:55:00   34.0729   13.2326   2.2122   9.6496
2023-11-05_02:30:00   12.6206   14.0842   2.5473   9.7466
2023-11-05_07:25:00   15.6044   14.0842   nan   nan
2023-11-05_02:55:00   32.8369   14.0458   4.1125   14.7411
2023-11-05_13:40:00   15.9896   14.7108   3.0402   6.2903
2023-11-05_08:35:00   15.3805   13.8014   nan   nan
2023-11-05_22:30:00   74.1356   15.4156   14.9437   9.8933
2023-11-05_13:35:00   17.0710   14.7192   2.2152   8.5435
2023-11-05_19:50:00   71.7149   13.2332   22.2159   5.9058
2023-11-05_16:05:00   846.4836   12.6177   79.1680   5.6687
2023-11-05_10:45:00   1101.4439   12.8501   19.3908   8.7940
2023-11-05_10:25:00   1336.8384   15.0667   10.2959   8.7940
2023-11-05_18:05:00   3992.8851   12.5012   44.2552   5.8797
2023-11-05_13:15:00   17.3409   14.8762   2.5877   8.7448
2023-11-05_10:55:00   135.0891   12.7320   19.6873   8.7940
2023-11-05_01:00:00   46.4075   13.9176   12.2335   14.2198
2023-11-05_06:55:00   16.7889   14.0842   2.1027   14.9165
2023-11-05_19:25:00   120.1105   14.2385   14.0536   5.6940
2023-11-05_19:05:00   5035.2848   12.2630   2.9185   5.9058
2023-11-05_09:10:00   86.9171   14.8859   4.3879   9.2780
2023-11-05_08:55:00   18.9154   13.9424   nan   nan
2023-11-05_06:25:00   67.2237   13.8207   16.0509   14.4782
2023-11-05_16:25:00   4189.9836   12.6202   117.1461   5.4701
2023-11-05_17:35:00   190322.0813   15.3601   28.4779   5.6777
2023-11-05_03:10:00   244.6021   14.0361   9.9586   14.3240
2023-11-05_02:15:00   10.8596   13.8036   2.5796   9.6886
2023-11-05_07:45:00   13.8425   13.8014   nan   nan
2023-11-05_09:55:00   260.1861   14.5742   8.2628   9.0420
2023-11-05_02:05:00   9.6925   13.9461   2.5182   9.4662
2023-11-05_00:35:00   26.7470   14.2475   2.5811   14.2198
2023-11-05_01:55:00   10.3526   13.9439   2.4655   9.7171
2023-11-05_10:40:00   4030.6576   13.1156   6.6124   8.7940
2023-11-05_17:30:00   17840.8880   15.1050   30.5086   5.6777
2023-11-05_13:45:00   13.1133   8.6745   3.2095   6.2903
2023-11-05_06:10:00   54.1402   14.2263   0.9931   14.7189
2023-11-05_07:20:00   15.8359   13.9417   nan   nan
2023-11-05_15:35:00   7292181.2071   12.7220   21.7481   5.8745
2023-11-05_15:10:00   230.3109   14.3939   46.0003   5.8797
2023-11-05_07:10:00   15.5491   13.9417   2.4551   15.0932
2023-11-05_19:40:00   186.7692   9.6525   14.6626   5.9058
2023-11-05_04:55:00   25.3434   13.9424   2.1783   15.1583
2023-11-05_12:20:00   173.2414   15.6114   84.5525   13.2365
2023-11-05_04:20:00   58.0696   14.9694   5.7951   15.0083
2023-11-05_03:55:00   34.0729   13.2326   2.2122   9.6496
2023-11-05_23:00:00   115.9321   15.5279   19.2667   9.7358
2023-11-05_11:55:00   599801.7657   15.0788   12.5631   9.7964
2023-11-05_19:10:00   32521.6515   12.7618   7.3244   5.6940
2023-11-05_02:35:00   24.9244   14.0834   2.6282   14.9385
2023-11-05_22:15:00   68.6443   15.4822   14.3313   9.6575
2023-11-05_09:15:00   33.5033   14.7595   1.1724   14.9642
2023-11-05_04:50:00   19.6825   14.0856   nan   nan
2023-11-05_06:35:00   57.8346   14.0041   5.5794   14.4994
2023-11-05_07:30:00   14.3976   13.8014   nan   nan
2023-11-05_14:15:00   73.9720   8.5808   9.1988   5.8797
2023-11-05_04:40:00   31.8343   14.7537   3.0669   15.0083
2023-11-05_18:20:00   3667.6402   12.5012   17.8489   5.6777
2023-11-05_10:20:00   276.1070   14.1287   10.9056   9.6246
2023-11-05_12:05:00   445.3826   15.3378   21.6192   10.1979
2023-11-05_02:45:00   21.1548   13.9439   1.0048   14.7411
2023-11-05_13:35:00   17.0710   14.7192   2.2152   8.5435
2023-11-05_13:00:00   16.3828   14.7192   4.2510   9.1690
2023-11-05_15:40:00   6376.5104   12.6642   33.7962   6.0767
2023-11-05_21:15:00   278.7311   14.1575   19.6687   5.5483
2023-11-05_04:15:00   31.2861   13.2968   4.6641   15.2049
2023-11-05_20:55:00   494.1069   14.3862   25.9257   5.7477
2023-11-05_10:00:00   289.4416   14.4259   6.3219   9.0250
2023-11-05_18:35:00   9031.0873   12.3810   6.7814   5.6777
2023-11-05_15:55:00   6450.4257   12.7220   36.5405   5.8745
2023-11-05_20:00:00   327.2169   14.1616   21.7149   5.9180
2023-11-05_06:15:00   50.6227   14.0041   4.0162   14.6972
2023-11-05_06:20:00   54.5054   14.0041   5.3230   14.4994
2023-11-05_06:10:00   54.1402   14.2263   0.9931   14.7189
2023-11-05_14:05:00   30.8722   9.7040   5.4886   6.0885
2023-11-05_06:35:00   57.8346   14.0041   5.5794   14.4994
2023-11-05_03:15:00   521.3707   14.0361   79.5836   14.3018
2023-11-05_13:30:00   19.0995   14.7192   2.4073   8.5435
2023-11-05_09:35:00   289.2591   14.7108   8.8831   8.8428
2023-11-05_22:40:00   68.1926   15.6248   13.5746   9.7147
2023-11-05_12:20:00   173.2414   15.6114   84.5525   13.2365
2023-11-05_05:10:00   17.7400   13.9424   3.0354   14.4994
2023-11-05_13:50:00   12.0034   8.6248   3.2930   6.2903
2023-11-05_06:20:00   54.5054   14.0041   5.3230   14.4994
2023-11-05_13:05:00   12.7109   14.8859   3.3148   9.1690
2023-11-05_10:50:00   287.7086   12.7896   20.8958   8.7940
2023-11-05_13:10:00   13.5765   14.7282   3.0497   9.1690
2023-11-05_10:25:00   1336.8384   15.0667   10.2959   8.7940
2023-11-05_03:40:00   110.8351   13.6269   17.2079   14.8119
2023-11-05_12:35:00   75.0655   12.9937   30.5388   13.4269
2023-11-05_04:20:00   58.0696   14.9694   5.7951   15.0083
2023-11-05_08:15:00   15.1227   13.8014   nan   nan
2023-11-05_01:05:00   42.7150   13.9469   1.9974   14.2393
2023-11-05_20:45:00   319.1522   14.3436   25.9024   5.7477
2023-11-05_06:25:00   67.2237   13.8207   16.0509   14.4782
2023-11-05_03:50:00   48.9796   13.6269   2.4599   9.6496
2023-11-05_06:30:00   70.1589   13.8561   3.9153   14.4994
2023-11-05_20:50:00   428.9104   14.1466   24.5370   5.7477
2023-11-05_02:40:00   24.5372   14.0842   2.4563   14.7411
2023-11-05_05:35:00   38.7152   14.0246   1.1641   14.5214
2023-11-05_11:50:00   471547.7246   13.3591   4.8518   9.3821
2023-11-05_02:00:00   9.2294   13.9461   2.4809   9.6886
2023-11-05_09:25:00   186.5280   14.8673   7.1163   9.0602
2023-11-05_13:25:00   22.5159   14.7108   2.6289   8.5435
2023-11-05_05:55:00   17.3278   13.8014   3.8793   14.6972
2023-11-05_04:05:00   19.9760   14.2288   nan   nan
2023-11-05_11:30:00   231.5729   12.6371   20.0780   8.7671
2023-11-05_07:35:00   16.0247   13.9417   nan   nan
2023-11-05_10:05:00   51.2970   14.5389   9.4593   14.3652
2023-11-05_06:50:00   32.8919   14.1038   6.7791   14.6763
2023-11-05_09:05:00   20.4814   13.8022   nan   nan
2023-11-05_04:30:00   68.2198   14.9339   13.0891   14.7877
2023-11-05_00:40:00   25.6136   14.1096   5.5262   14.2198
2023-11-05_14:55:00   154.9212   14.6843   23.6559   5.8797
2023-11-05_08:00:00   15.0984   13.8014   nan   nan
2023-11-05_21:10:00   359.1550   14.3543   23.4914   5.5483
2023-11-05_13:25:00   22.5159   14.7108   2.6289   8.5435
2023-11-05_07:55:00   14.8317   13.8014   nan   nan
2023-11-05_05:50:00   17.6644   13.8014   2.9583   14.4994
2023-11-05_10:35:00   282800.3543   13.1986   4.8341   8.7940
2023-11-05_05:45:00   32.7844   14.0041   1.7615   14.4994
2023-11-05_11:25:00   218.7601   12.3836   32.3091   8.7671
2023-11-05_09:50:00   115.6838   14.4437   9.9214   14.1177
2023-11-05_09:35:00   289.2591   14.7108   8.8831   8.8428
2023-11-05_06:05:00   32.7456   14.0878   3.6272   14.7641
2023-11-05_07:50:00   15.0877   13.8014   nan   nan
2023-11-05_05:00:00   24.1650   13.9417   2.3368   15.1583
2023-11-05_06:00:00   17.1359   13.9417   4.6025   14.6972
2023-11-05_21:35:00   57.3991   14.2888   14.8792   5.5483
2023-11-05_11:40:00   1592.5244   12.9023   17.0894   9.1813
2023-11-05_12:50:00   25.6941   14.4666   6.1015   9.1578
2023-11-05_22:00:00   53.4368   15.6545   6.5337   5.9646
2023-11-05_04:45:00   24.5845   14.2310   2.3788   14.9844
2023-11-05_09:55:00   260.1861   14.5742   8.2628   9.0420
2023-11-05_09:15:00   33.5033   14.7595   1.1724   14.9642
2023-11-05_10:40:00   4030.6576   13.1156   6.6124   8.7940
2023-11-05_05:05:00   21.1887   13.9417   3.7359   14.9165
2023-11-05_07:15:00   14.2399   14.0842   nan   nan
2023-11-05_06:15:00   50.6227   14.0041   4.0162   14.6972
2023-11-05_10:15:00   132.5353   14.2482   5.8557   9.4409
2023-11-05_19:35:00   96.9157   9.9320   13.4098   5.8954
2023-11-05_23:05:00   141.0243   15.3354   21.9334   9.7358
2023-11-05_13:05:00   12.7109   14.8859   3.3148   9.1690
2023-11-05_08:55:00   18.9154   13.9424   nan   nan
2023-11-05_00:50:00   32.7331   13.9123   7.2364   14.2198
2023-11-05_08:05:00   16.8014   13.8014   nan   nan
2023-11-05_12:25:00   112.6778   15.1895   55.3833   13.2365
2023-11-05_17:10:00   2092.5660   15.5483   95.8647   5.4758
