Format:
           1) Time
           2) Maximal reconnection rate at closest pressure dip
           3) Distance from earth
           4) Rate from critical
           5) Distance from critical2022-10-22_08:10:00   38.9184   12.8025   1.5205   9.6756
2022-10-22_05:05:00   1.4909   12.9796   56.0771   12.7528
2022-10-22_20:05:00   142.7015   14.1009   27.8673   13.7955
2022-10-22_13:45:00   12185.4689   13.4923   153.0498   13.3687
2022-10-22_15:40:00   915.8161   12.9666   89.4338   13.5619
2022-10-22_12:40:00   1358.3395   13.1679   61.9086   13.5808
2022-10-22_08:00:00   45.6023   12.7483   6.5682   13.1020
2022-10-22_01:15:00   3677.6521   12.9389   64.6255   12.9020
2022-10-22_19:10:00   190.6642   13.8329   30.2038   13.7776
2022-10-22_03:10:00   1.3178   13.1808   33.9828   12.7528
2022-10-22_03:00:00   1.4373   12.9134   49.6642   12.7351
2022-10-22_16:05:00   3034.5577   13.2889   104.2482   13.5619
2022-10-22_08:35:00   37.7795   12.7905   2.5210   9.6575
2022-10-22_14:45:00   7210.0115   12.9706   146.8909   13.3618
2022-10-22_14:00:00   30364.8409   13.0123   91.5032   13.3649
2022-10-22_01:45:00   1.2567   12.4909   62.9380   12.9179
2022-10-22_15:10:00   3033.6882   13.2158   78.6137   13.5619
2022-10-22_06:05:00   1676.5950   13.0082   31.4256   12.7351
2022-10-22_20:10:00   149.6279   13.9189   22.2646   13.8029
2022-10-22_01:35:00   8934.2087   14.2848   456.0714   12.9179
2022-10-22_11:15:00   448.2692   13.0795   24.8942   13.4078
2022-10-22_11:35:00   0.8031   13.0895   30.3363   13.3994
2022-10-22_16:10:00   3460.6314   13.2889   109.7416   13.5619
2022-10-22_11:00:00   481.1808   12.9423   24.4522   13.4078
2022-10-22_14:10:00   21691.0610   13.2213   105.5966   13.3649
2022-10-22_05:10:00   3120.3162   12.9384   74.4021   12.7528
2022-10-22_09:30:00   442.1156   12.7783   3.5495   9.3952
2022-10-22_19:40:00   168.0402   14.0980   36.3832   13.5868
2022-10-22_07:15:00   1.2433   12.7553   15.3166   12.9179
2022-10-22_03:05:00   1267.7034   13.2338   30.9881   12.7528
2022-10-22_08:40:00   170.2510   12.7441   2.2755   9.2248
2022-10-22_18:10:00   1442357.7447   12.7439   113.8351   13.3618
2022-10-22_04:10:00   1538.1726   12.9714   45.6614   12.7528
2022-10-22_01:40:00   10250.8922   13.7477   550.7162   12.9179
2022-10-22_19:30:00   162.5926   13.9123   31.8934   13.7828
2022-10-22_19:45:00   164.4757   13.8358   38.5327   13.5868
2022-10-22_06:30:00   1.2807   12.9023   25.4655   12.9346
2022-10-22_03:45:00   109.9318   12.8076   19.6085   12.7528
2022-10-22_12:35:00   620.4919   12.9131   55.8185   13.3787
2022-10-22_12:00:00   291.9079   12.9880   36.7212   13.5936
2022-10-22_03:30:00   962.4039   13.0421   11.6549   12.9702
2022-10-22_11:05:00   452.1350   12.9423   23.8633   13.4078
2022-10-22_12:10:00   408.4550   12.9186   37.5853   13.3848
2022-10-22_10:10:00   0.7282   13.0380   5.4497   9.7964
2022-10-22_18:05:00   2977497.3984   12.9634   151.4817   13.3618
2022-10-22_05:15:00   1.2850   12.9686   64.4160   12.7528
2022-10-22_05:35:00   1.3844   12.9796   38.9260   12.7528
2022-10-22_09:00:00   74.7486   12.5904   2.7397   9.4094
2022-10-22_06:40:00   0.9754   12.8824   26.4765   12.9179
2022-10-22_18:15:00   3236.2881   14.8096   58.1414   13.3618
2022-10-22_11:40:00   557.6035   13.0716   29.3576   13.6011
2022-10-22_12:30:00   1705.8459   13.1734   60.8078   13.5868
2022-10-22_19:05:00   193.6987   14.0958   32.7156   13.7776
2022-10-22_05:30:00   2388.0256   13.0247   49.3446   12.7528
2022-10-22_14:15:00   1930.2909   12.9706   104.8715   13.3649
2022-10-22_08:45:00   145.1088   12.7441   2.8558   9.4246
2022-10-22_13:30:00   2527.0132   13.1633   64.3107   13.5710
2022-10-22_12:45:00   1508.6686   13.2298   61.3087   13.5808
2022-10-22_15:05:00   2426.3562   13.1579   117.3924   13.5642
2022-10-22_10:00:00   739.6165   12.9708   4.7732   9.5958
2022-10-22_05:40:00   1.3205   12.9796   32.8229   12.7528
2022-10-22_20:00:00   147.1846   13.9153   31.7891   13.7888
2022-10-22_01:30:00   23398.5959   14.5691   1714.9945   12.9179
2022-10-22_19:00:00   202.5574   14.0958   34.9179   13.5755
2022-10-22_15:15:00   2645.0167   12.9610   90.7529   13.5619
2022-10-22_06:45:00   53.7178   12.6270   26.2880   12.9179
2022-10-22_10:35:00   331.5936   12.9488   5.1297   9.7838
2022-10-22_03:40:00   544.1112   13.0983   12.3613   12.9702
2022-10-22_16:30:00   13483.8318   13.4081   108.6601   13.3595
2022-10-22_02:10:00   1.3834   12.9796   222.4054   12.7351
2022-10-22_07:40:00   0.7218   12.8737   12.6537   12.9020
2022-10-22_00:30:00   0.6806   12.9250   54.0705   12.8726
2022-10-22_14:05:00   23512.7983   13.2859   116.4959   13.3649
2022-10-22_07:05:00   0.8935   12.8824   17.0650   12.9179
2022-10-22_14:40:00   21322.4226   13.2182   114.3552   13.3618
2022-10-22_13:40:00   2795.3222   13.2383   100.5535   13.5710
2022-10-22_10:30:00   1054.9353   13.1534   5.0761   9.7838
2022-10-22_07:00:00   0.8947   12.8824   19.3366   12.9179
2022-10-22_01:10:00   488.9650   13.1849   27.8230   12.9020
2022-10-22_11:10:00   476.2193   12.9423   24.4851   13.4078
2022-10-22_17:40:00   30774.4806   12.8213   90.0859   13.3595
2022-10-22_18:45:00   227.2762   13.8307   46.3289   13.5710
2022-10-22_16:00:00   3005.6192   13.2889   108.5295   13.5619
2022-10-22_03:35:00   418.5146   13.0983   15.8492   12.7713
2022-10-22_04:35:00   1.6075   12.9915   36.6681   12.7528
2022-10-22_09:40:00   198.0579   12.7120   4.2876   9.8100
2022-10-22_00:45:00   0.5450   13.1302   18.3117   12.9020
2022-10-22_06:00:00   1.7032   12.7978   23.7056   12.7351
2022-10-22_11:45:00   501.5032   13.0716   28.6173   13.3917
2022-10-22_09:45:00   671.9177   12.9708   4.6272   9.8100
2022-10-22_17:45:00   31481.8634   12.8063   83.9314   13.3595
2022-10-22_13:00:00   1811.0604   13.1089   58.7812   13.3734
2022-10-22_12:15:00   524.7113   12.9186   45.4963   13.3848
2022-10-22_08:30:00   37.9937   12.7905   2.2579   9.6575
2022-10-22_04:00:00   640.4130   13.2516   16.8577   12.7713
2022-10-22_07:10:00   0.9873   12.8920   16.7553   12.9179
2022-10-22_14:35:00   16146.8232   13.0918   100.9008   13.3618
2022-10-22_02:30:00   0.9875   12.8920   32.7757   12.7351
2022-10-22_19:15:00   174.2006   13.8329   28.8953   13.7828
2022-10-22_13:35:00   3588.3676   13.3563   77.2446   13.5710
2022-10-22_10:45:00   742.6850   13.0881   29.8530   13.4170
2022-10-22_13:15:00   1815.5028   13.1633   71.4034   13.5755
2022-10-22_01:00:00   229.0321   13.1849   12.8908   12.9020
2022-10-22_17:35:00   32783.3716   12.9281   93.6353   13.3595
2022-10-22_09:10:00   0.6672   12.9250   3.4016   9.8246
2022-10-22_17:05:00   90669.1622   13.0895   118.5801   13.3595
2022-10-22_02:15:00   1.1482   13.1691   81.0987   12.7351
2022-10-22_07:45:00   0.8110   12.8824   13.6723   12.9020
2022-10-22_02:05:00   1.1443   13.1094   142.6505   12.7182
2022-10-22_00:35:00   0.6572   12.9321   34.9205   12.8869
2022-10-22_18:00:00   121607.7954   13.5270   164.3349   13.3618
2022-10-22_15:35:00   1675.4705   13.0948   81.7136   13.5619
2022-10-22_15:00:00   10112.2407   13.2912   146.7199   13.3618
2022-10-22_02:35:00   573.2142   12.9714   21.9999   12.7351
2022-10-22_15:30:00   1581.3668   13.1539   71.7383   13.5619
2022-10-22_17:15:00   147376.3678   12.9682   117.2436   13.3595
2022-10-22_07:30:00   295.4170   12.9389   11.3548   12.9179
2022-10-22_04:40:00   1.6167   12.9915   41.3440   12.7528
2022-10-22_12:05:00   351.2120   12.9880   40.5084   13.5936
2022-10-22_02:45:00   1.0021   13.0929   9.2743   12.9520
2022-10-22_04:15:00   1.4151   12.9796   63.1598   12.7528
2022-10-22_06:15:00   1.1110   12.8920   29.3382   12.7351
2022-10-22_06:10:00   1.0977   12.9686   24.7134   12.7351
2022-10-22_06:35:00   1.2131   12.9023   19.3568   12.9346
2022-10-22_03:15:00   1.3654   13.1808   41.0142   12.7528
2022-10-22_09:35:00   428.7696   12.9708   4.4690   9.8100
2022-10-22_17:00:00   35782.4950   12.8521   130.1329   13.3595
2022-10-22_13:10:00   1544.3619   13.2251   70.0235   13.5755
2022-10-22_08:15:00   36.1308   12.8025   1.6249   9.8746
2022-10-22_01:05:00   0.6478   13.0733   19.7049   12.9020
2022-10-22_14:30:00   5949.6569   13.1563   82.6602   13.3618
2022-10-22_17:10:00   88686.9305   13.0895   119.3225   13.3595
2022-10-22_02:40:00   0.9983   12.8920   24.7879   12.7351
2022-10-22_16:15:00   4213.3070   13.3471   110.6623   13.3595
2022-10-22_02:00:00   123775.8046   13.4394   563.1952   12.7351
2022-10-22_16:35:00   8904.4299   12.9281   116.2112   13.3595
2022-10-22_04:05:00   1.5668   13.1281   17.1999   12.7713
2022-10-22_11:30:00   537.3783   12.9344   29.3277   13.3994
2022-10-22_07:35:00   0.7291   12.8737   0.9412   9.6946
2022-10-22_10:05:00   708.9902   13.1076   25.7968   13.2365
2022-10-22_17:30:00   42951.0402   12.9281   102.3075   13.3595
2022-10-22_09:05:00   0.6729   12.9250   3.3053   9.8246
2022-10-22_04:30:00   1.5530   12.9915   35.7024   12.7528
2022-10-22_00:40:00   750.8546   13.1701   25.0083   12.8869
2022-10-22_18:40:00   287.3067   13.9415   64.2395   13.5710
2022-10-22_18:35:00   444.2442   13.7996   79.7707   13.5710
2022-10-22_05:45:00   1.5185   12.9134   35.0417   12.7351
2022-10-22_20:15:00   140.4627   14.1046   20.0085   14.0047
2022-10-22_16:45:00   10451.5262   12.8521   126.9490   13.3595
2022-10-22_18:30:00   1448.2845   14.1138   96.3323   13.5672
2022-10-22_05:00:00   1355.9280   12.9887   42.2276   12.7528
2022-10-22_16:40:00   37995.1587   13.2158   120.4311   13.3595
2022-10-22_04:45:00   1.2392   12.9686   41.1559   12.7528
2022-10-22_09:15:00   386.0745   12.9371   17.4842   13.0471
2022-10-22_10:40:00   642.2593   13.1441   27.6901   13.4170
2022-10-22_15:45:00   2377.7059   13.0948   98.1579   13.5619
2022-10-22_10:15:00   800.4429   13.0202   5.5536   9.7964
2022-10-22_13:05:00   740.5198   12.9777   58.0103   13.5755
2022-10-22_19:35:00   168.4526   14.0980   33.2937   13.5868
2022-10-22_08:05:00   39.5041   12.8025   1.3936   9.6756
