Format:
           1) Time
           2) Maximal reconnection rate at closest pressure dip
           3) Distance from earth
           4) Rate from critical
           5) Distance from critical
2024-10-10_20:15:00   nan   nan   132.1561   4.6572
2024-10-10_20:10:00   nan   nan   35.7253   4.6550
2024-10-10_17:05:00   nan   nan   1426.8939   5.0618
2024-10-10_21:25:00   nan   nan   45.1479   4.4596
2024-10-11_01:45:00   nan   nan   4.1321   3.9404
2024-10-10_17:00:00   nan   nan   2461.6489   5.0618
2024-10-11_00:40:00   nan   nan   13.9801   4.1183
2024-10-10_23:10:00   nan   nan   83.8621   4.6880
2024-10-10_20:00:00   nan   nan   101.4056   4.6550
2024-10-10_18:55:00   nan   nan   13.4867   4.8574
2024-10-10_13:15:00   nan   nan   737.7179   13.7620
2024-10-10_20:30:00   nan   nan   2222.1924   4.6572
2024-10-10_15:10:00   nan   nan   92.5897   12.9644
2024-10-10_15:00:00   nan   nan   43.0558   13.1627
2024-10-10_16:15:00   nan   nan   24.1964   6.4764
2024-10-10_17:25:00   nan   nan   120.3684   5.4645
2024-10-10_20:35:00   nan   nan   88.3516   4.6572
2024-10-10_16:05:00   nan   nan   34.8892   7.6920
2024-10-10_16:25:00   nan   nan   72.0981   6.0716
2024-10-10_15:20:00   nan   nan   89.4569   12.9604
2024-10-10_13:45:00   nan   nan   223.3042   13.3595
2024-10-10_16:30:00   nan   nan   99.0881   5.6669
2024-10-10_18:05:00   nan   nan   4299.8867   5.8710
2024-10-10_21:30:00   nan   nan   528.7456   4.4665
2024-10-10_13:35:00   nan   nan   139.8989   13.7620
2024-10-10_23:20:00   nan   nan   27.6662   4.5008
2024-10-10_16:50:00   nan   nan   224.9970   5.0618
2024-10-10_15:15:00   nan   nan   84.8176   12.9604
2024-10-10_17:45:00   nan   nan   721.5769   6.2756
2024-10-10_19:55:00   nan   nan   5.8354   4.6550
2024-10-10_23:15:00   nan   nan   618.2798   4.7163
2024-10-10_23:35:00   nan   nan   165.8351   4.7163
2024-10-10_17:30:00   nan   nan   102.6819   5.6669
2024-10-10_20:25:00   nan   nan   159.9528   4.6572
2024-10-10_23:00:00   nan   nan   102.1041   4.8890
2024-10-10_20:20:00   nan   nan   249.6265   4.6572
2024-10-10_15:30:00   nan   nan   40.6850   8.7061
2024-10-10_22:50:00   nan   nan   844.4261   5.1022
2024-10-10_13:25:00   nan   nan   661.7826   13.5596
2024-10-10_22:30:00   nan   nan   77.7868   4.4550
2024-10-10_13:20:00   nan   nan   789.9953   13.5596
2024-10-10_17:10:00   nan   nan   515.9373   5.0618
2024-10-10_18:50:00   nan   nan   51933.1880   5.0598
2024-10-10_21:30:00   nan   nan   528.7456   4.4665
2024-10-10_19:40:00   nan   nan   2944.6325   4.8574
2024-10-10_23:15:00   nan   nan   618.2798   4.7163
2024-10-10_21:00:00   nan   nan   110.9728   4.4550
2024-10-10_19:15:00   nan   nan   188.7595   4.8574
2024-10-10_22:10:00   nan   nan   1282.7555   4.4527
2024-10-11_00:25:00   nan   nan   172.6206   4.5348
2024-10-10_22:45:00   nan   nan   78.8845   4.8890
2024-10-10_15:05:00   nan   nan   79.7214   12.9644
2024-10-10_20:40:00   nan   nan   68.8341   4.4550
2024-10-10_19:30:00   nan   nan   2382.7046   4.8574
2024-10-10_21:10:00   nan   nan   26.4312   4.4550
2024-10-10_17:15:00   nan   nan   461.5859   5.2641
2024-10-10_16:10:00   nan   nan   29.5693   6.6788
2024-10-10_18:40:00   nan   nan   5151.5969   4.8595
2024-10-10_14:50:00   nan   nan   151.4671   13.1627
2024-10-10_13:40:00   nan   nan   171.2464   13.7620
2024-10-10_20:50:00   nan   nan   330.0576   4.4596
2024-10-10_21:05:00   nan   nan   75.2124   4.4550
2024-10-10_19:50:00   nan   nan   653.5000   4.6550
2024-10-10_18:30:00   nan   nan   928.8213   4.8595
2024-10-10_16:55:00   nan   nan   17235.4083   5.0618
2024-10-10_16:45:00   nan   nan   117.3019   5.2641
2024-10-10_15:45:00   nan   nan   116.8553   7.8943
2024-10-11_00:35:00   nan   nan   142.5590   4.3363
2024-10-11_00:00:00   nan   nan   176.8842   4.7163
2024-10-10_13:50:00   nan   nan   254.4174   13.3618
2024-10-10_16:10:00   nan   nan   29.5693   6.6788
2024-10-10_15:30:00   nan   nan   40.6850   8.7061
2024-10-10_23:05:00   nan   nan   56.6499   4.6880
2024-10-10_15:20:00   nan   nan   89.4569   12.9604
2024-10-11_00:10:00   nan   nan   1146.9177   4.7337
2024-10-10_20:50:00   nan   nan   330.0576   4.4596
2024-10-10_22:05:00   nan   nan   6827.2188   4.4665
2024-10-10_22:10:00   nan   nan   1282.7555   4.4527
2024-10-10_15:50:00   nan   nan   68.3946   7.6920
2024-10-10_19:25:00   nan   nan   260.3792   4.8574
2024-10-10_17:25:00   nan   nan   120.3684   5.4645
2024-10-10_17:15:00   nan   nan   461.5859   5.2641
2024-10-10_14:20:00   nan   nan   156.2631   13.3618
2024-10-10_17:35:00   nan   nan   1604.0566   6.0733
2024-10-10_21:00:00   nan   nan   110.9728   4.4550
2024-10-10_21:20:00   nan   nan   536.6174   4.4596
2024-10-10_15:45:00   nan   nan   116.8553   7.8943
2024-10-10_22:15:00   nan   nan   5.0467   4.2527
2024-10-10_18:40:00   nan   nan   5151.5969   4.8595
2024-10-10_19:35:00   nan   nan   2306.3010   4.8574
2024-10-10_23:40:00   nan   nan   117.1329   4.7163
2024-10-11_00:30:00   nan   nan   81.2782   4.3363
2024-10-10_20:25:00   nan   nan   159.9528   4.6572
2024-10-10_23:20:00   nan   nan   27.6662   4.5008
2024-10-10_17:30:00   nan   nan   102.6819   5.6669
2024-10-10_15:35:00   nan   nan   64.7706   8.5014
2024-10-10_21:50:00   nan   nan   49.8975   4.4596
2024-10-10_23:25:00   nan   nan   97.8786   4.7163
2024-10-10_18:45:00   nan   nan   37.8038   4.8574
2024-10-10_17:40:00   nan   nan   1635.8969   6.0733
2024-10-10_20:45:00   nan   nan   40.6604   4.4550
2024-10-11_01:30:00   nan   nan   12.5554   3.9404
2024-10-11_00:45:00   nan   nan   19.4434   4.1183
2024-10-10_14:25:00   nan   nan   270.9683   13.1627
2024-10-11_00:55:00   nan   nan   6.0615   4.1183
2024-10-10_16:25:00   nan   nan   72.0981   6.0716
2024-10-10_20:10:00   nan   nan   35.7253   4.6550
2024-10-10_20:45:00   nan   nan   40.6604   4.4550
2024-10-10_22:00:00   nan   nan   66.9150   4.4596
2024-10-10_19:45:00   nan   nan   95.8102   4.6550
2024-10-10_17:40:00   nan   nan   1635.8969   6.0733
2024-10-10_21:20:00   nan   nan   536.6174   4.4596
2024-10-10_22:20:00   nan   nan   15.6668   4.2503
2024-10-10_23:00:00   nan   nan   102.1041   4.8890
2024-10-10_13:30:00   nan   nan   483.4178   13.5596
2024-10-10_20:20:00   nan   nan   249.6265   4.6572
2024-10-10_15:25:00   nan   nan   27.3742   8.7096
2024-10-10_21:45:00   nan   nan   778.1665   4.4756
2024-10-10_16:35:00   nan   nan   160.5406   5.4645
2024-10-10_18:45:00   nan   nan   37.8038   4.8574
2024-10-10_22:35:00   nan   nan   6.6783   4.2648
2024-10-10_15:40:00   nan   nan   105.1264   8.3015
2024-10-10_17:50:00   nan   nan   213.2893   6.2756
2024-10-10_14:10:00   nan   nan   297.6001   13.3595
2024-10-10_19:40:00   nan   nan   2944.6325   4.8574
2024-10-10_12:30:00   nan   nan   556.5472   13.7665
2024-10-10_15:25:00   nan   nan   27.3742   8.7096
2024-10-10_17:55:00   nan   nan   78.5233   6.0733
2024-10-11_00:50:00   nan   nan   29.1921   4.1183
2024-10-10_19:05:00   nan   nan   40675253.7644   5.0598
2024-10-10_16:00:00   nan   nan   45.1430   8.0992
2024-10-10_20:40:00   nan   nan   68.8341   4.4550
2024-10-11_01:40:00   nan   nan   12.0121   3.9404
2024-10-10_23:55:00   nan   nan   167.5590   4.7163
2024-10-10_23:05:00   nan   nan   56.6499   4.6880
2024-10-10_17:20:00   nan   nan   452.0570   5.2641
2024-10-11_01:20:00   nan   nan   3.6313   3.9195
2024-10-10_21:40:00   nan   nan   761.5420   4.4756
2024-10-10_22:30:00   nan   nan   77.7868   4.4550
2024-10-10_19:00:00   nan   nan   79.3655   4.6572
2024-10-10_13:10:00   nan   nan   492.2105   13.5596
2024-10-10_23:10:00   nan   nan   83.8621   4.6880
2024-10-10_19:00:00   nan   nan   79.3655   4.6572
2024-10-10_20:05:00   nan   nan   230.8000   4.6550
2024-10-10_17:20:00   nan   nan   452.0570   5.2641
2024-10-10_15:35:00   nan   nan   64.7706   8.5014
2024-10-10_19:20:00   nan   nan   2966.0705   4.8574
2024-10-10_16:35:00   nan   nan   160.5406   5.4645
2024-10-10_21:40:00   nan   nan   761.5420   4.4756
2024-10-10_12:55:00   nan   nan   455.8245   13.5604
2024-10-10_12:45:00   nan   nan   1065.4602   13.5619
2024-10-10_18:00:00   nan   nan   747.6311   6.0733
2024-10-10_23:45:00   nan   nan   731.1964   4.9162
2024-10-10_22:55:00   nan   nan   179.4397   4.8890
2024-10-10_21:45:00   nan   nan   778.1665   4.4756
2024-10-10_19:05:00   nan   nan   40675253.7644   5.0598
2024-10-11_01:00:00   nan   nan   14.3021   4.1183
2024-10-11_00:15:00   nan   nan   90.6330   4.5167
2024-10-10_20:30:00   nan   nan   2222.1924   4.6572
2024-10-10_16:00:00   nan   nan   45.1430   8.0992
2024-10-10_19:10:00   nan   nan   37124.9676   5.0598
2024-10-10_16:40:00   nan   nan   210.6535   5.2621
2024-10-10_15:55:00   nan   nan   61.2551   7.8969
2024-10-10_14:30:00   nan   nan   418.5106   13.1627
2024-10-10_19:25:00   nan   nan   260.3792   4.8574
2024-10-10_14:55:00   nan   nan   118.6400   13.1627
2024-10-10_20:35:00   nan   nan   88.3516   4.6572
2024-10-11_01:35:00   nan   nan   207.2168   3.9638
2024-10-10_22:45:00   nan   nan   78.8845   4.8890
2024-10-10_22:25:00   nan   nan   0.8007   4.2527
2024-10-11_01:15:00   nan   nan   4.4987   3.9195
2024-10-10_22:55:00   nan   nan   179.4397   4.8890
2024-10-10_13:00:00   nan   nan   3275.9998   13.5604
2024-10-10_18:55:00   nan   nan   13.4867   4.8574
2024-10-10_21:10:00   nan   nan   26.4312   4.4550
2024-10-10_20:55:00   nan   nan   31.7118   4.4550
2024-10-10_18:25:00   nan   nan   86.1845   5.0598
2024-10-10_15:10:00   nan   nan   92.5897   12.9644
2024-10-10_14:15:00   nan   nan   252.9790   13.3618
2024-10-10_19:45:00   nan   nan   95.8102   4.6550
2024-10-10_21:55:00   nan   nan   26.7940   4.2648
2024-10-10_14:05:00   nan   nan   341.0616   13.5604
2024-10-10_12:35:00   nan   nan   504.3175   13.7665
2024-10-10_13:55:00   nan   nan   161.7563   13.5604
2024-10-10_22:40:00   nan   nan   0.6383   4.6770
2024-10-10_18:10:00   nan   nan   9766.5994   5.8693
2024-10-10_19:20:00   nan   nan   2966.0705   4.8574
2024-10-10_19:10:00   nan   nan   37124.9676   5.0598
2024-10-10_16:55:00   nan   nan   17235.4083   5.0618
2024-10-10_16:20:00   nan   nan   62.3721   6.0716
2024-10-10_15:55:00   nan   nan   61.2551   7.8969
2024-10-10_14:35:00   nan   nan   216.2928   13.3618
2024-10-10_21:15:00   nan   nan   85.4836   4.4596
2024-10-10_16:50:00   nan   nan   224.9970   5.0618
2024-10-10_18:35:00   nan   nan   2699.0231   4.8595
2024-10-10_19:30:00   nan   nan   2382.7046   4.8574
2024-10-10_16:40:00   nan   nan   210.6535   5.2621
2024-10-10_22:20:00   nan   nan   15.6668   4.2503
2024-10-11_00:05:00   nan   nan   66.3329   4.5167
2024-10-10_14:45:00   nan   nan   181.8180   13.1627
2024-10-10_16:15:00   nan   nan   24.1964   6.4764
2024-10-10_22:00:00   nan   nan   66.9150   4.4596
2024-10-10_18:15:00   nan   nan   35.0156   5.4645
2024-10-10_18:20:00   nan   nan   3294.4917   5.2641
2024-10-10_18:10:00   nan   nan   9766.5994   5.8693
2024-10-10_18:35:00   nan   nan   2699.0231   4.8595
2024-10-10_15:15:00   nan   nan   84.8176   12.9604
2024-10-10_21:35:00   nan   nan   203.3224   4.4665
2024-10-11_00:20:00   nan   nan   332.3020   4.5348
2024-10-10_17:10:00   nan   nan   515.9373   5.0618
2024-10-10_18:20:00   nan   nan   3294.4917   5.2641
2024-10-10_22:50:00   nan   nan   844.4261   5.1022
2024-10-11_01:10:00   nan   nan   2.1443   3.9195
2024-10-10_22:25:00   nan   nan   0.8007   4.2527
2024-10-10_15:40:00   nan   nan   105.1264   8.3015
2024-10-10_16:20:00   nan   nan   62.3721   6.0716
2024-10-10_20:15:00   nan   nan   132.1561   4.6572
2024-10-10_13:05:00   nan   nan   823.4875   13.3572
2024-10-10_18:25:00   nan   nan   86.1845   5.0598
2024-10-10_15:50:00   nan   nan   68.3946   7.6920
2024-10-10_18:30:00   nan   nan   928.8213   4.8595
2024-10-10_14:40:00   nan   nan   286.0324   13.3618
2024-10-10_17:35:00   nan   nan   1604.0566   6.0733
2024-10-10_23:50:00   nan   nan   34.2305   4.7011
2024-10-10_14:00:00   nan   nan   224.5374   13.3595
2024-10-10_21:25:00   nan   nan   45.1479   4.4596
2024-10-11_01:25:00   nan   nan   5.1610   3.9195
2024-10-10_17:55:00   nan   nan   78.5233   6.0733
2024-10-10_16:05:00   nan   nan   34.8892   7.6920
2024-10-10_23:30:00   nan   nan   387.2588   4.7163
2024-10-10_19:35:00   nan   nan   2306.3010   4.8574
2024-10-10_22:05:00   nan   nan   6827.2188   4.4665
2024-10-10_18:50:00   nan   nan   51933.1880   5.0598
2024-10-10_21:05:00   nan   nan   75.2124   4.4550
2024-10-10_16:30:00   nan   nan   99.0881   5.6669
2024-10-10_12:40:00   nan   nan   513.9486   13.7642
2024-10-10_20:00:00   nan   nan   101.4056   4.6550
2024-10-10_19:55:00   nan   nan   5.8354   4.6550
2024-10-10_17:50:00   nan   nan   213.2893   6.2756
2024-10-10_22:35:00   nan   nan   6.6783   4.2648
2024-10-10_17:45:00   nan   nan   721.5769   6.2756
2024-10-10_21:50:00   nan   nan   49.8975   4.4596
2024-10-10_21:35:00   nan   nan   203.3224   4.4665
2024-10-10_18:05:00   nan   nan   4299.8867   5.8710
2024-10-10_19:50:00   nan   nan   653.5000   4.6550
2024-10-10_17:00:00   nan   nan   2461.6489   5.0618
2024-10-10_18:00:00   nan   nan   747.6311   6.0733
2024-10-10_16:45:00   nan   nan   117.3019   5.2641
2024-10-10_21:55:00   nan   nan   26.7940   4.2648
2024-10-10_21:15:00   nan   nan   85.4836   4.4596
2024-10-10_22:40:00   nan   nan   0.6383   4.6770
2024-10-10_17:05:00   nan   nan   1426.8939   5.0618
2024-10-10_19:15:00   nan   nan   188.7595   4.8574
2024-10-10_18:15:00   nan   nan   35.0156   5.4645
2024-10-10_22:15:00   nan   nan   5.0467   4.2527
2024-10-11_01:05:00   nan   nan   40.8528   4.1183
2024-10-10_20:55:00   nan   nan   31.7118   4.4550
2024-10-10_12:50:00   nan   nan   745.4730   13.5619
2024-10-10_20:05:00   nan   nan   230.8000   4.6550
