Format:
           1) Time
           2) Maximal reconnection rate at closest pressure dip
           3) Distance from earth
           4) Rate from critical
           5) Distance from critical
2024-05-10_16:14:00   nan   nan   300.4623   14.6560
2024-05-10_13:09:00   nan   nan   2429.8280   13.5851
2024-05-10_21:49:00   nan   nan   13.3717   4.0482
2024-05-10_16:04:00   nan   nan   350.8457   14.6560
2024-05-10_14:59:00   nan   nan   45.7238   13.0953
2024-05-10_09:19:00   nan   nan   809.0033   13.0731
2024-05-10_11:14:00   nan   nan   322.1559   13.4257
2024-05-10_11:04:00   nan   nan   202.1560   13.4058
2024-05-10_16:39:00   nan   nan   210.7187   14.6560
2024-05-10_22:49:00   nan   nan   6.0793   3.7949
2024-05-10_12:29:00   nan   nan   230.1541   13.7096
2024-05-10_22:04:00   nan   nan   64.0656   4.2118
2024-05-10_09:49:00   nan   nan   280.2359   13.3176
2024-05-10_14:09:00   nan   nan   108.1747   13.4695
2024-05-10_09:39:00   nan   nan   306.9515   13.3021
2024-05-10_12:54:00   nan   nan   880.4471   13.7566
2024-05-10_15:59:00   nan   nan   367.4238   14.6560
2024-05-10_19:19:00   nan   nan   36.0109   4.7210
2024-05-10_16:29:00   nan   nan   293.0135   14.6560
2024-05-10_19:04:00   nan   nan   42.7896   4.8809
2024-05-10_16:24:00   nan   nan   280.2745   14.4577
2024-05-10_09:29:00   nan   nan   3176.5305   13.3021
2024-05-10_09:24:00   nan   nan   54603.1506   13.3021
2024-05-10_13:14:00   nan   nan   1042.7997   13.5851
2024-05-10_14:54:00   nan   nan   47.5438   13.4695
2024-05-10_17:34:00   nan   nan   15.5218   9.2439
2024-05-10_15:19:00   nan   nan   134.6745   13.2700
2024-05-10_11:09:00   nan   nan   7424.8251   13.6240
2024-05-10_16:44:00   nan   nan   185.4293   14.6560
2024-05-10_12:14:00   nan   nan   219.4310   13.7096
2024-05-10_10:54:00   nan   nan   2646.2142   13.6045
2024-05-10_09:44:00   nan   nan   26694.6341   13.3176
2024-05-11_03:34:00   nan   nan   42.2993   3.7018
2024-05-11_03:49:00   nan   nan   517.9018   3.9012
2024-05-10_15:54:00   nan   nan   438.8571   14.6560
2024-05-10_14:34:00   nan   nan   102.7054   13.4420
2024-05-10_12:59:00   nan   nan   300.5882   13.5602
2024-05-10_11:49:00   nan   nan   188.1097   13.6654
2024-05-10_20:04:00   nan   nan   53.8005   4.4965
2024-05-10_09:54:00   nan   nan   39510.5296   13.3337
2024-05-10_11:34:00   nan   nan   388597.8538   13.6444
2024-05-10_11:24:00   nan   nan   443.5676   13.6240
2024-05-10_16:54:00   nan   nan   133.4327   14.6560
2024-05-10_18:14:00   nan   nan   9.7378   5.8101
2024-05-10_11:54:00   nan   nan   8276.6066   13.6871
2024-05-10_13:29:00   nan   nan   762.8517   13.5851
2024-05-10_13:19:00   nan   nan   706.8351   13.5851
2024-05-10_10:24:00   nan   nan   93.8350   13.3506
2024-05-10_13:39:00   nan   nan   488.0754   13.6108
2024-05-10_17:04:00   nan   nan   24.7662   7.6723
2024-05-10_17:24:00   nan   nan   40.3168   12.8314
2024-05-10_14:44:00   nan   nan   68.1852   13.4153
2024-05-11_02:19:00   nan   nan   97.8574   3.4853
2024-05-10_20:34:00   nan   nan   145.7336   4.6883
2024-05-10_13:34:00   nan   nan   205.7710   13.6108
2024-05-10_22:19:00   nan   nan   11.6860   3.9638
2024-05-10_17:54:00   nan   nan   184.3091   7.3534
2024-05-10_16:49:00   nan   nan   91.8000   14.6560
2024-05-10_21:34:00   nan   nan   1224.9062   4.2723
2024-05-10_20:49:00   nan   nan   123.2122   4.6883
2024-05-10_10:29:00   nan   nan   102.8046   13.3683
2024-05-10_18:04:00   nan   nan   19.9002   6.1308
2024-05-10_13:44:00   nan   nan   433.7598   13.6108
2024-05-11_04:04:00   nan   nan   1135.1608   3.8854
2024-05-10_09:34:00   nan   nan   6182.3785   13.3021
2024-05-11_03:04:00   nan   nan   64.0845   3.6852
2024-05-10_11:29:00   nan   nan   48.0042   13.6240
2024-05-10_23:19:00   nan   nan   1.6034   3.5724
2024-05-10_14:49:00   nan   nan   53.3003   13.4695
2024-05-10_11:44:00   nan   nan   1570.9508   13.6654
2024-05-11_00:34:00   nan   nan   92.6195   3.9404
2024-05-10_10:14:00   nan   nan   1927.0428   13.3506
2024-05-10_15:44:00   nan   nan   569.8171   14.6560
2024-05-10_08:34:00   nan   nan   28338.3733   13.2605
2024-05-10_13:59:00   nan   nan   282.4243   13.6642
2024-05-10_15:09:00   nan   nan   28.7505   13.1936
2024-05-10_13:24:00   nan   nan   349.3566   13.5602
2024-05-10_18:34:00   nan   nan   72.9490   4.9807
2024-05-10_15:04:00   nan   nan   52.6160   13.1430
2024-05-10_09:14:00   nan   nan   1766.2270   13.0731
2024-05-11_02:49:00   nan   nan   22.7068   3.6712
2024-05-11_00:04:00   nan   nan   14.9763   3.7677
2024-05-10_11:39:00   nan   nan   147045.1967   13.6654
2024-05-10_15:24:00   nan   nan   134.8090   13.2484
2024-05-10_12:39:00   nan   nan   92247.5484   13.7566
2024-05-10_17:44:00   nan   nan   65.6761   7.9399
2024-05-10_08:59:00   nan   nan   12874.6770   13.2736
2024-05-10_08:49:00   nan   nan   513.7902   13.2605
2024-05-10_14:04:00   nan   nan   149.6458   13.4695
2024-05-10_19:49:00   nan   nan   620.4387   4.7556
2024-05-10_17:49:00   nan   nan   77.5975   7.3269
2024-05-11_01:49:00   nan   nan   4.2422   3.4705
2024-05-10_21:04:00   nan   nan   637.5959   4.4965
2024-05-10_20:19:00   nan   nan   108.9510   4.4965
2024-05-10_16:34:00   nan   nan   242.7745   14.6560
2024-05-10_12:04:00   nan   nan   313.8739   13.6871
2024-05-10_15:14:00   nan   nan   74.7771   13.0953
2024-05-10_10:34:00   nan   nan   309.6120   13.3683
2024-05-10_15:29:00   nan   nan   193.0671   13.2700
2024-05-10_10:59:00   nan   nan   577.3658   13.4058
2024-05-11_03:19:00   nan   nan   207.4313   3.6852
2024-05-10_18:49:00   nan   nan   267.7197   4.9807
2024-05-10_18:29:00   nan   nan   872.4669   4.9807
2024-05-10_21:19:00   nan   nan   30.3370   4.2723
2024-05-10_09:04:00   nan   nan   2765.9402   13.0731
2024-05-10_17:14:00   nan   nan   13.5776   8.9706
2024-05-10_16:59:00   nan   nan   141.8334   14.6560
2024-05-10_10:19:00   nan   nan   327.3981   13.3506
2024-05-10_15:49:00   nan   nan   515.1361   14.6560
2024-05-10_17:59:00   nan   nan   210.4077   6.9364
2024-05-10_10:09:00   nan   nan   8556.0545   13.3506
2024-05-10_08:39:00   nan   nan   5741.3207   13.2605
2024-05-10_09:59:00   nan   nan   882.8196   13.3337
2024-05-11_02:04:00   nan   nan   78.6218   3.4853
2024-05-10_23:04:00   nan   nan   42.9918   3.7677
2024-05-10_11:59:00   nan   nan   3636.5443   13.6871
2024-05-10_10:39:00   nan   nan   15.2235   13.3683
2024-05-10_23:34:00   nan   nan   2.5976   3.5724
2024-05-11_01:19:00   nan   nan   44.4980   3.7212
2024-05-10_15:34:00   nan   nan   556.3987   14.6560
2024-05-10_12:44:00   nan   nan   10958.9337   13.7566
2024-05-10_18:24:00   nan   nan   28.8822   5.4312
2024-05-10_10:49:00   nan   nan   80.4592   13.3867
2024-05-10_12:19:00   nan   nan   197.2488   13.7328
2024-05-10_14:19:00   nan   nan   175.4905   13.4420
2024-05-10_14:24:00   nan   nan   171.6358   13.4420
2024-05-10_14:14:00   nan   nan   135.0691   13.4420
2024-05-10_14:39:00   nan   nan   84.4963   13.3893
2024-05-10_11:19:00   nan   nan   21504.1854   13.6240
2024-05-10_17:39:00   nan   nan   47.4351   8.5785
2024-05-11_01:04:00   nan   nan   4.6198   3.7018
2024-05-10_12:24:00   nan   nan   910.9897   13.7096
2024-05-10_16:19:00   nan   nan   345.1391   14.6560
2024-05-10_09:09:00   nan   nan   435.6822   13.2736
2024-05-10_14:29:00   nan   nan   40.0898   13.4695
2024-05-10_22:34:00   nan   nan   229.1000   3.9895
2024-05-10_10:44:00   nan   nan   10484.6615   13.5856
2024-05-11_00:19:00   nan   nan   7.2050   3.7677
2024-05-10_10:04:00   nan   nan   278.3060   13.3337
2024-05-10_17:29:00   nan   nan   112.3749   7.6723
2024-05-10_12:09:00   nan   nan   138.0129   13.6871
2024-05-10_19:34:00   nan   nan   33.2218   4.7556
2024-05-10_15:39:00   nan   nan   600.2248   14.6560
2024-05-10_18:09:00   nan   nan   20.0202   5.7765
2024-05-11_01:34:00   nan   nan   2.5245   3.4853
2024-05-10_17:09:00   nan   nan   39.7813   7.4322
2024-05-10_12:34:00   nan   nan   5527.1836   13.7096
2024-05-10_08:44:00   nan   nan   6208.3411   13.2605
2024-05-10_13:54:00   nan   nan   196.5623   13.6642
2024-05-10_13:49:00   nan   nan   329.4402   13.6371
2024-05-11_04:19:00   nan   nan   4.9290   3.6712
2024-05-11_00:49:00   nan   nan   180.7857   3.9404
2024-05-11_02:34:00   nan   nan   7.6743   3.4705
2024-05-10_13:04:00   nan   nan   4299.5939   13.5851
2024-05-10_12:49:00   nan   nan   2335.0287   13.7566
2024-05-10_17:19:00   nan   nan   44.9236   13.0953
2024-05-10_23:49:00   nan   nan   29.3659   3.7677
2024-05-10_18:19:00   nan   nan   23.0334   5.6202
2024-05-10_08:54:00   nan   nan   3439.0706   13.2736
2024-05-10_16:09:00   nan   nan   256.2338   14.6560
