Format:
           1) Time
           2) Maximal reconnection rate at closest pressure dip
           3) Distance from earth
           4) Rate from critical
           5) Distance from critical
2024-03-24_21:20:00   nan   nan   6.6277   5.8745
2024-03-24_08:15:00   nan   nan   755.8983   13.5710
2024-03-24_12:55:00   nan   nan   489.9963   13.3787
2024-03-24_08:10:00   nan   nan   458.5938   13.5710
2024-03-24_14:30:00   nan   nan   47.7846   13.6094
2024-03-24_17:05:00   nan   nan   68.0438   9.5712
2024-03-24_11:50:00   nan   nan   224.7647   13.3649
2024-03-24_18:30:00   nan   nan   49.2864   9.1578
2024-03-24_05:05:00   nan   nan   263.6049   13.3994
2024-03-24_20:40:00   nan   nan   7.8649   5.8867
2024-03-24_12:05:00   nan   nan   153.9144   13.5710
2024-03-24_12:10:00   nan   nan   70.1671   13.5710
2024-03-24_09:25:00   nan   nan   233.2495   13.7642
2024-03-24_13:45:00   nan   nan   218.7706   13.5936
2024-03-24_05:00:00   nan   nan   59.5388   13.3917
2024-03-24_12:40:00   nan   nan   296.1227   13.5808
2024-03-24_11:10:00   nan   nan   172.1600   13.5619
2024-03-24_12:00:00   nan   nan   307.4260   13.5710
2024-03-24_08:00:00   nan   nan   314.6012   13.7776
2024-03-24_06:55:00   nan   nan   182.2710   13.5868
2024-03-24_01:15:00   nan   nan   73.4472   13.3687
2024-03-24_08:30:00   nan   nan   344.6147   13.5672
2024-03-24_03:10:00   nan   nan   312.6161   13.3917
2024-03-24_17:25:00   nan   nan   79.0858   9.7838
2024-03-24_11:45:00   nan   nan   306.5840   13.3649
2024-03-24_03:00:00   nan   nan   132.2115   13.3848
2024-03-24_16:50:00   nan   nan   109.7791   9.3700
2024-03-24_21:25:00   nan   nan   8.4516   5.8710
2024-03-24_21:45:00   nan   nan   4.5176   9.1309
2024-03-24_04:15:00   nan   nan   168.8618   13.6011
2024-03-24_05:25:00   nan   nan   390.0340   13.6011
2024-03-24_08:35:00   nan   nan   381.1616   13.5672
2024-03-24_04:05:00   nan   nan   60.4584   13.6011
2024-03-24_04:25:00   nan   nan   234.1475   13.3994
2024-03-24_03:20:00   nan   nan   79.3976   13.6011
2024-03-24_21:40:00   nan   nan   4.5504   9.1309
2024-03-24_01:45:00   nan   nan   110.2177   13.5755
2024-03-24_04:30:00   nan   nan   153.9314   13.3994
2024-03-24_06:05:00   nan   nan   156.1813   13.6011
2024-03-24_22:50:00   nan   nan   3.8759   9.1140
2024-03-24_22:45:00   nan   nan   3.9079   9.1140
2024-03-24_09:30:00   nan   nan   291.6672   13.5619
2024-03-24_01:35:00   nan   nan   78.5991   13.5755
2024-03-24_11:20:00   nan   nan   166.5651   13.5619
2024-03-24_19:00:00   nan   nan   35.3968   13.2256
2024-03-24_04:50:00   nan   nan   227.1475   13.3994
2024-03-24_03:15:00   nan   nan   89.7622   13.5936
2024-03-24_05:45:00   nan   nan   322.5719   13.6011
2024-03-24_21:55:00   nan   nan   4.4939   9.1242
2024-03-24_07:55:00   nan   nan   187.9652   13.7776
2024-03-24_11:15:00   nan   nan   120.7090   13.5604
2024-03-24_20:35:00   nan   nan   8.9860   6.0969
2024-03-24_17:50:00   nan   nan   50.7954   9.3700
2024-03-24_11:35:00   nan   nan   163.1828   13.5642
2024-03-24_05:30:00   nan   nan   622.6365   13.6094
2024-03-24_08:25:00   nan   nan   610.0001   13.5710
2024-03-24_11:00:00   nan   nan   293.9870   13.5604
2024-03-24_08:20:00   nan   nan   753.4334   13.5710
2024-03-24_21:05:00   nan   nan   11.9870   5.8797
2024-03-24_03:30:00   nan   nan   31.0261   13.5936
2024-03-24_16:00:00   nan   nan   483.3732   5.1502
2024-03-24_10:50:00   nan   nan   156.0570   13.5596
2024-03-24_01:25:00   nan   nan   47.8018   13.5710
2024-03-24_14:20:00   nan   nan   531.2940   13.3994
2024-03-24_10:30:00   nan   nan   141.8195   13.5596
2024-03-24_01:20:00   nan   nan   57.6368   13.5710
2024-03-24_15:25:00   nan   nan   27.5607   8.7671
2024-03-24_05:10:00   nan   nan   219.3368   13.6011
2024-03-24_06:50:00   nan   nan   521.6624   13.5936
2024-03-24_09:30:00   nan   nan   291.6672   13.5619
2024-03-24_07:40:00   nan   nan   144.4207   13.7828
2024-03-24_15:45:00   nan   nan   176.5524   5.7656
2024-03-24_18:50:00   nan   nan   19.8257   6.3196
2024-03-24_11:15:00   nan   nan   120.7090   13.5604
2024-03-24_09:00:00   nan   nan   355.3604   13.5672
2024-03-24_07:15:00   nan   nan   168.7404   13.5808
2024-03-24_10:10:00   nan   nan   348.0175   13.5596
2024-03-24_16:10:00   nan   nan   1156.7306   4.9515
2024-03-24_12:25:00   nan   nan   164.9184   13.5755
2024-03-24_10:45:00   nan   nan   136.5754   13.5596
2024-03-24_03:05:00   nan   nan   341.8945   13.3917
2024-03-24_21:30:00   nan   nan   7.4366   6.0733
2024-03-24_08:40:00   nan   nan   423.8377   13.5672
2024-03-24_11:35:00   nan   nan   163.1828   13.5642
2024-03-24_07:30:00   nan   nan   301.0969   13.7828
2024-03-24_09:10:00   nan   nan   397.3302   13.5642
2024-03-24_05:15:00   nan   nan   189.1501   13.6011
2024-03-24_04:10:00   nan   nan   119.5086   13.6011
2024-03-24_06:40:00   nan   nan   389.0055   13.5936
2024-03-24_02:50:00   nan   nan   170.3583   13.3848
2024-03-24_01:40:00   nan   nan   113.1763   13.5755
2024-03-24_16:55:00   nan   nan   113.6305   9.3700
2024-03-24_08:50:00   nan   nan   166.2013   13.7665
2024-03-24_09:05:00   nan   nan   327.1057   13.5642
2024-03-24_20:15:00   nan   nan   7.0116   5.8954
2024-03-24_22:25:00   nan   nan   4.3855   9.1185
2024-03-24_07:50:00   nan   nan   173.9961   13.7828
2024-03-24_06:30:00   nan   nan   318.2237   13.5936
2024-03-24_04:55:00   nan   nan   223.2567   13.3917
2024-03-24_04:45:00   nan   nan   133.8599   13.3994
2024-03-24_03:45:00   nan   nan   22.4970   13.6011
2024-03-24_12:35:00   nan   nan   202.3600   13.5755
2024-03-24_12:00:00   nan   nan   307.4260   13.5710
2024-03-24_01:50:00   nan   nan   126.7444   13.3687
2024-03-24_19:45:00   nan   nan   9.9365   5.9180
2024-03-24_04:10:00   nan   nan   119.5086   13.6011
2024-03-24_13:20:00   nan   nan   589.1901   13.3917
2024-03-24_03:30:00   nan   nan   31.0261   13.5936
2024-03-24_11:05:00   nan   nan   240.3185   13.5619
2024-03-24_03:20:00   nan   nan   79.3976   13.6011
2024-03-24_12:10:00   nan   nan   70.1671   13.5710
2024-03-24_08:50:00   nan   nan   166.2013   13.7665
2024-03-24_10:05:00   nan   nan   374.5251   13.5596
2024-03-24_17:20:00   nan   nan   31.2179   9.3700
2024-03-24_16:20:00   nan   nan   545.8569   4.9722
2024-03-24_10:10:00   nan   nan   348.0175   13.5596
2024-03-24_13:55:00   nan   nan   306.0593   13.6011
2024-03-24_03:50:00   nan   nan   20.9758   13.8029
2024-03-24_22:10:00   nan   nan   4.3335   9.1185
2024-03-24_07:25:00   nan   nan   322.5959   13.5808
2024-03-24_05:25:00   nan   nan   390.0340   13.6011
2024-03-24_05:15:00   nan   nan   189.1501   13.6011
2024-03-24_19:30:00   nan   nan   11.0640   5.7048
2024-03-24_12:40:00   nan   nan   296.1227   13.5808
2024-03-24_02:20:00   nan   nan   31.5553   13.3734
2024-03-24_05:35:00   nan   nan   678.7584   13.6011
2024-03-24_09:00:00   nan   nan   355.3604   13.5672
2024-03-24_09:20:00   nan   nan   247.4292   13.7642
2024-03-24_14:45:00   nan   nan   62.6357   8.7448
2024-03-24_03:45:00   nan   nan   22.4970   13.6011
2024-03-24_10:15:00   nan   nan   243.8509   13.5596
2024-03-24_16:45:00   nan   nan   94.5908   9.7838
2024-03-24_06:40:00   nan   nan   389.0055   13.5936
2024-03-24_07:35:00   nan   nan   267.2753   13.7828
2024-03-24_15:00:00   nan   nan   53.8095   8.7554
2024-03-24_11:40:00   nan   nan   271.5346   13.3649
2024-03-24_18:45:00   nan   nan   18.1803   6.1070
2024-03-24_12:30:00   nan   nan   175.8519   13.5755
2024-03-24_08:25:00   nan   nan   610.0001   13.5710
2024-03-24_20:10:00   nan   nan   6.2416   5.8954
2024-03-24_11:20:00   nan   nan   166.5651   13.5619
2024-03-24_20:30:00   nan   nan   11.0188   5.8954
2024-03-24_13:10:00   nan   nan   517.1730   13.3848
2024-03-24_05:30:00   nan   nan   622.6365   13.6094
2024-03-24_03:35:00   nan   nan   26.1589   13.6011
2024-03-24_09:50:00   nan   nan   225.4548   13.5604
2024-03-24_11:25:00   nan   nan   135.5322   13.5642
2024-03-24_22:35:00   nan   nan   3.9883   9.1185
2024-03-24_06:45:00   nan   nan   391.8770   13.5936
2024-03-24_05:40:00   nan   nan   257.8048   13.6011
2024-03-24_18:40:00   nan   nan   4.7246   6.5331
2024-03-24_08:45:00   nan   nan   467.2764   13.5672
2024-03-24_18:10:00   nan   nan   25.3292   9.3591
2024-03-24_19:55:00   nan   nan   40.9767   5.4926
2024-03-24_13:30:00   nan   nan   518.1846   13.6011
2024-03-24_12:45:00   nan   nan   204.3798   13.5755
2024-03-24_02:25:00   nan   nan   118.6301   13.1767
2024-03-24_17:45:00   nan   nan   70.6944   9.1690
2024-03-24_16:40:00   nan   nan   79.7266   6.1472
2024-03-24_12:55:00   nan   nan   489.9963   13.3787
2024-03-24_16:30:00   nan   nan   448.1429   5.3318
2024-03-24_12:45:00   nan   nan   204.3798   13.5755
2024-03-24_12:15:00   nan   nan   174.4593   13.5755
2024-03-24_13:15:00   nan   nan   514.8682   13.3848
2024-03-24_17:55:00   nan   nan   61.8456   8.9566
2024-03-24_04:25:00   nan   nan   234.1475   13.3994
2024-03-24_08:10:00   nan   nan   458.5938   13.5710
2024-03-24_08:45:00   nan   nan   467.2764   13.5672
2024-03-24_10:00:00   nan   nan   267.8591   13.5596
2024-03-24_15:15:00   nan   nan   56.3387   8.9680
2024-03-24_07:45:00   nan   nan   104.4624   13.7828
2024-03-24_05:40:00   nan   nan   257.8048   13.6011
2024-03-24_09:20:00   nan   nan   247.4292   13.7642
2024-03-24_10:20:00   nan   nan   142.0376   13.5596
2024-03-24_22:05:00   nan   nan   4.5042   9.1242
2024-03-24_11:00:00   nan   nan   293.9870   13.5604
2024-03-24_01:30:00   nan   nan   57.7475   13.5710
2024-03-24_18:00:00   nan   nan   51.7574   9.1578
2024-03-24_22:55:00   nan   nan   3.4679   9.3130
2024-03-24_08:20:00   nan   nan   753.4334   13.5710
2024-03-24_03:25:00   nan   nan   45.2701   13.5936
2024-03-24_09:45:00   nan   nan   259.3643   13.5604
2024-03-24_15:20:00   nan   nan   57.1338   8.7671
2024-03-24_14:50:00   nan   nan   39.3622   8.5339
2024-03-24_04:35:00   nan   nan   152.1904   13.3994
2024-03-24_06:45:00   nan   nan   391.8770   13.5936
2024-03-24_10:35:00   nan   nan   111.1653   13.7620
2024-03-24_12:30:00   nan   nan   175.8519   13.5755
2024-03-24_19:20:00   nan   nan   13.3105   5.7317
2024-03-24_03:40:00   nan   nan   23.0714   13.6011
2024-03-24_05:50:00   nan   nan   287.3367   13.6011
2024-03-24_02:10:00   nan   nan   17.2261   13.3734
2024-03-24_07:40:00   nan   nan   144.4207   13.7828
2024-03-24_15:50:00   nan   nan   232.3590   5.5668
2024-03-24_17:00:00   nan   nan   91.8272   9.9848
2024-03-24_00:30:00   nan   nan   82.9261   13.5642
2024-03-24_14:10:00   nan   nan   569.6041   13.3994
2024-03-24_03:25:00   nan   nan   45.2701   13.5936
2024-03-24_05:55:00   nan   nan   288.1090   13.6011
2024-03-24_12:50:00   nan   nan   398.6867   13.5808
2024-03-24_11:30:00   nan   nan   126.6239   13.5619
2024-03-24_07:05:00   nan   nan   173.9395   13.5868
2024-03-24_04:00:00   nan   nan   39.5227   13.6011
2024-03-24_08:40:00   nan   nan   423.8377   13.5672
2024-03-24_13:40:00   nan   nan   427.4902   13.5936
2024-03-24_18:55:00   nan   nan   48.4440   6.1187
2024-03-24_11:55:00   nan   nan   352.4041   13.5710
2024-03-24_11:05:00   nan   nan   240.3185   13.5619
2024-03-24_05:20:00   nan   nan   368.8127   13.6011
2024-03-24_13:20:00   nan   nan   589.1901   13.3917
2024-03-24_09:40:00   nan   nan   247.8584   13.5619
2024-03-24_10:30:00   nan   nan   141.8195   13.5596
2024-03-24_07:00:00   nan   nan   92.4202   13.5868
2024-03-24_01:10:00   nan   nan   76.8045   13.5710
2024-03-24_14:35:00   nan   nan   341.7867   13.6094
2024-03-24_21:50:00   nan   nan   3.9489   9.1242
2024-03-24_11:10:00   nan   nan   172.1600   13.5619
2024-03-24_07:00:00   nan   nan   92.4202   13.5868
2024-03-24_08:05:00   nan   nan   234.6142   13.7732
2024-03-24_05:20:00   nan   nan   368.8127   13.6011
2024-03-24_18:25:00   nan   nan   42.4049   9.1578
2024-03-24_15:30:00   nan   nan   51.2643   8.5662
2024-03-24_03:35:00   nan   nan   26.1589   13.6011
2024-03-24_22:20:00   nan   nan   4.2294   9.1140
2024-03-24_20:20:00   nan   nan   7.5230   5.8954
2024-03-24_07:20:00   nan   nan   30.6039   13.5808
2024-03-24_04:35:00   nan   nan   152.1904   13.3994
2024-03-24_21:00:00   nan   nan   12.3166   5.8797
2024-03-24_09:40:00   nan   nan   247.8584   13.5619
2024-03-24_00:55:00   nan   nan   114.5266   13.5672
2024-03-24_20:25:00   nan   nan   7.4866   5.8954
2024-03-24_00:45:00   nan   nan   101.7889   13.5672
2024-03-24_17:40:00   nan   nan   48.8230   9.3700
2024-03-24_19:15:00   nan   nan   13.9585   5.7317
2024-03-24_06:00:00   nan   nan   253.5490   13.6011
2024-03-24_11:45:00   nan   nan   306.5840   13.3649
2024-03-24_20:05:00   nan   nan   8.3355   5.9058
2024-03-24_16:35:00   nan   nan   127.4203   5.9474
2024-03-24_14:25:00   nan   nan   1149.3450   13.6094
2024-03-24_10:55:00   nan   nan   264.0055   13.5604
2024-03-24_09:45:00   nan   nan   259.3643   13.5604
2024-03-24_14:00:00   nan   nan   151.4798   13.3994
2024-03-24_18:15:00   nan   nan   17.6917   9.3591
2024-03-24_14:40:00   nan   nan   294.9859   13.6094
2024-03-24_07:05:00   nan   nan   173.9395   13.5868
2024-03-24_13:00:00   nan   nan   389.6214   13.3787
2024-03-24_12:15:00   nan   nan   174.4593   13.5755
2024-03-24_08:30:00   nan   nan   344.6147   13.5672
2024-03-24_04:00:00   nan   nan   39.5227   13.6011
2024-03-24_17:15:00   nan   nan   20.5312   9.3700
2024-03-24_07:10:00   nan   nan   417.1831   13.5868
2024-03-24_15:05:00   nan   nan   52.0278   8.9680
2024-03-24_16:15:00   nan   nan   104.1501   4.7337
2024-03-24_04:40:00   nan   nan   285.8825   13.4078
2024-03-24_03:55:00   nan   nan   23.4683   13.8029
2024-03-24_02:30:00   nan   nan   131.7612   13.1767
2024-03-24_07:25:00   nan   nan   322.5959   13.5808
2024-03-24_02:55:00   nan   nan   108.9117   13.1829
2024-03-24_13:40:00   nan   nan   427.4902   13.5936
2024-03-24_08:35:00   nan   nan   381.1616   13.5672
2024-03-24_22:30:00   nan   nan   4.0444   9.1140
2024-03-24_13:35:00   nan   nan   211.2178   13.3848
2024-03-24_19:50:00   nan   nan   6.8990   5.6940
2024-03-24_16:05:00   nan   nan   355.8230   4.9515
2024-03-24_10:45:00   nan   nan   136.5754   13.5596
2024-03-24_10:25:00   nan   nan   175.3229   13.5596
2024-03-24_18:05:00   nan   nan   55.2601   9.1578
2024-03-24_13:15:00   nan   nan   514.8682   13.3848
2024-03-24_10:55:00   nan   nan   264.0055   13.5604
2024-03-24_01:00:00   nan   nan   99.7269   13.5672
2024-03-24_06:55:00   nan   nan   182.2710   13.5868
2024-03-24_19:25:00   nan   nan   9.8620   5.7173
2024-03-24_19:05:00   nan   nan   12.8442   6.3326
2024-03-24_09:10:00   nan   nan   397.3302   13.5642
2024-03-24_08:55:00   nan   nan   168.7348   13.7665
2024-03-24_06:25:00   nan   nan   314.6869   13.5936
2024-03-24_16:25:00   nan   nan   94.2521   4.9328
2024-03-24_17:35:00   nan   nan   66.4632   9.5829
2024-03-24_03:10:00   nan   nan   312.6161   13.3917
2024-03-24_02:15:00   nan   nan   20.7589   13.3787
2024-03-24_07:45:00   nan   nan   104.4624   13.7828
2024-03-24_09:55:00   nan   nan   186.2713   13.7620
2024-03-24_02:05:00   nan   nan   75.9740   13.3734
2024-03-24_00:35:00   nan   nan   98.0306   13.5642
2024-03-24_01:55:00   nan   nan   218.5755   13.3734
2024-03-24_10:40:00   nan   nan   116.4146   13.7620
2024-03-24_17:30:00   nan   nan   68.2686   9.7838
2024-03-24_13:45:00   nan   nan   218.7706   13.5936
2024-03-24_06:10:00   nan   nan   131.0042   13.6011
2024-03-24_07:20:00   nan   nan   30.6039   13.5808
2024-03-24_15:35:00   nan   nan   59.8373   6.3633
2024-03-24_15:10:00   nan   nan   69.7210   8.7671
2024-03-24_07:10:00   nan   nan   417.1831   13.5868
2024-03-24_19:40:00   nan   nan   10.0859   5.7048
2024-03-24_04:55:00   nan   nan   223.2567   13.3917
2024-03-24_12:20:00   nan   nan   204.6258   13.5755
2024-03-24_04:20:00   nan   nan   291.9873   13.3994
2024-03-24_03:55:00   nan   nan   23.4683   13.8029
2024-03-24_23:00:00   nan   nan   4.1411   9.1107
2024-03-24_11:55:00   nan   nan   352.4041   13.5710
2024-03-24_19:10:00   nan   nan   14.0603   6.1321
2024-03-24_02:35:00   nan   nan   69.1970   13.1767
2024-03-24_22:15:00   nan   nan   4.4564   9.1185
2024-03-24_09:15:00   nan   nan   280.5727   13.5642
2024-03-24_04:50:00   nan   nan   227.1475   13.3994
2024-03-24_06:35:00   nan   nan   448.2376   13.5936
2024-03-24_07:30:00   nan   nan   301.0969   13.7828
2024-03-24_14:15:00   nan   nan   703.3978   13.3994
2024-03-24_04:40:00   nan   nan   285.8825   13.4078
2024-03-24_18:20:00   nan   nan   24.4600   9.3591
2024-03-24_10:20:00   nan   nan   142.0376   13.5596
2024-03-24_12:05:00   nan   nan   153.9144   13.5710
2024-03-24_02:45:00   nan   nan   109.5426   13.1829
2024-03-24_13:35:00   nan   nan   211.2178   13.3848
2024-03-24_13:00:00   nan   nan   389.6214   13.3787
2024-03-24_15:40:00   nan   nan   152.9896   5.9646
2024-03-24_21:15:00   nan   nan   7.1743   6.0818
2024-03-24_04:15:00   nan   nan   168.8618   13.6011
2024-03-24_20:55:00   nan   nan   7.6073   6.0818
2024-03-24_10:00:00   nan   nan   267.8591   13.5596
2024-03-24_18:35:00   nan   nan   23.3288   9.1578
2024-03-24_15:55:00   nan   nan   124.1541   5.3491
2024-03-24_20:00:00   nan   nan   12.4871   5.6940
2024-03-24_06:15:00   nan   nan   150.5538   13.6011
2024-03-24_06:20:00   nan   nan   258.9882   13.5936
2024-03-24_06:10:00   nan   nan   131.0042   13.6011
2024-03-24_14:05:00   nan   nan   87.7110   13.3994
2024-03-24_06:35:00   nan   nan   448.2376   13.5936
2024-03-24_03:15:00   nan   nan   89.7622   13.5936
2024-03-24_13:30:00   nan   nan   518.1846   13.6011
2024-03-24_09:35:00   nan   nan   161.5632   13.7627
2024-03-24_22:40:00   nan   nan   3.5931   9.1140
2024-03-24_12:20:00   nan   nan   204.6258   13.5755
2024-03-24_05:10:00   nan   nan   219.3368   13.6011
2024-03-24_13:50:00   nan   nan   545.5759   13.6011
2024-03-24_06:20:00   nan   nan   258.9882   13.5936
2024-03-24_13:05:00   nan   nan   360.6846   13.3787
2024-03-24_10:50:00   nan   nan   156.0570   13.5596
2024-03-24_13:10:00   nan   nan   517.1730   13.3848
2024-03-24_10:25:00   nan   nan   175.3229   13.5596
2024-03-24_03:40:00   nan   nan   23.0714   13.6011
2024-03-24_12:35:00   nan   nan   202.3600   13.5755
2024-03-24_04:20:00   nan   nan   291.9873   13.3994
2024-03-24_08:15:00   nan   nan   755.8983   13.5710
2024-03-24_01:05:00   nan   nan   96.9726   13.5672
2024-03-24_20:45:00   nan   nan   9.7037   5.8867
2024-03-24_06:25:00   nan   nan   314.6869   13.5936
2024-03-24_03:50:00   nan   nan   20.9758   13.8029
2024-03-24_06:30:00   nan   nan   318.2237   13.5936
2024-03-24_20:50:00   nan   nan   8.7744   5.8797
2024-03-24_02:40:00   nan   nan   70.7601   13.1829
2024-03-24_05:35:00   nan   nan   678.7584   13.6011
2024-03-24_11:50:00   nan   nan   224.7647   13.3649
2024-03-24_02:00:00   nan   nan   154.0237   13.3734
2024-03-24_09:25:00   nan   nan   233.2495   13.7642
2024-03-24_13:25:00   nan   nan   245.2225   13.5936
2024-03-24_05:55:00   nan   nan   288.1090   13.6011
2024-03-24_04:05:00   nan   nan   60.4584   13.6011
2024-03-24_11:30:00   nan   nan   126.6239   13.5619
2024-03-24_07:35:00   nan   nan   267.2753   13.7828
2024-03-24_10:05:00   nan   nan   374.5251   13.5596
2024-03-24_06:50:00   nan   nan   521.6624   13.5936
2024-03-24_09:05:00   nan   nan   327.1057   13.5642
2024-03-24_04:30:00   nan   nan   153.9314   13.3994
2024-03-24_00:40:00   nan   nan   91.5179   13.5642
2024-03-24_14:55:00   nan   nan   43.2675   8.7448
2024-03-24_08:00:00   nan   nan   314.6012   13.7776
2024-03-24_21:10:00   nan   nan   6.9017   6.0818
2024-03-24_13:25:00   nan   nan   245.2225   13.5936
2024-03-24_07:55:00   nan   nan   187.9652   13.7776
2024-03-24_05:50:00   nan   nan   287.3367   13.6011
2024-03-24_10:35:00   nan   nan   111.1653   13.7620
2024-03-24_05:45:00   nan   nan   322.5719   13.6011
2024-03-24_11:25:00   nan   nan   135.5322   13.5642
2024-03-24_09:50:00   nan   nan   225.4548   13.5604
2024-03-24_09:35:00   nan   nan   161.5632   13.7627
2024-03-24_06:05:00   nan   nan   156.1813   13.6011
2024-03-24_07:50:00   nan   nan   173.9961   13.7828
2024-03-24_05:00:00   nan   nan   59.5388   13.3917
2024-03-24_06:00:00   nan   nan   253.5490   13.6011
2024-03-24_21:35:00   nan   nan   4.7203   6.2789
2024-03-24_11:40:00   nan   nan   271.5346   13.3649
2024-03-24_12:50:00   nan   nan   398.6867   13.5808
2024-03-24_22:00:00   nan   nan   4.4773   9.1242
2024-03-24_04:45:00   nan   nan   133.8599   13.3994
2024-03-24_09:55:00   nan   nan   186.2713   13.7620
2024-03-24_09:15:00   nan   nan   280.5727   13.5642
2024-03-24_10:40:00   nan   nan   116.4146   13.7620
2024-03-24_05:05:00   nan   nan   263.6049   13.3994
2024-03-24_07:15:00   nan   nan   168.7404   13.5808
2024-03-24_06:15:00   nan   nan   150.5538   13.6011
2024-03-24_10:15:00   nan   nan   243.8509   13.5596
2024-03-24_19:35:00   nan   nan   11.0606   5.9180
2024-03-24_23:05:00   nan   nan   4.5525   9.1107
2024-03-24_13:05:00   nan   nan   360.6846   13.3787
2024-03-24_08:55:00   nan   nan   168.7348   13.7665
2024-03-24_00:50:00   nan   nan   108.7735   13.5672
2024-03-24_08:05:00   nan   nan   234.6142   13.7732
2024-03-24_12:25:00   nan   nan   164.9184   13.5755
2024-03-24_17:10:00   nan   nan   20.9264   9.5712
