# Maximum of first term in the reconnection rate during the 2023/10/10 - 2023/10/11 storm
3.469611241550897562e-02
3.400961071352555376e-02
3.367496746068882052e-02
3.456695365581402557e-02
3.354330657892036494e-02
3.324495683682832797e-02
3.426525602480147425e-02
3.526609966188668649e-02
3.390735107313549296e-02
3.475989215325610976e-02
3.656855293932584350e-02
3.716750170519596969e-02
3.572469553299802841e-02
3.493097507414417296e-02
3.640152222816126631e-02
4.377723549035560796e-02
4.323244162784927597e-02
3.447386555847167799e-02
3.433920127397802752e-02
4.271999914786916291e-02
4.154395974418936821e-02
3.581945341106992919e-02
4.737632893943521939e-02
5.589595840721460485e-02
5.550968742185253407e-02
5.488351206158894463e-02
5.437333674797367733e-02
5.373311223962000394e-02
5.351671159397319855e-02
5.319428688329731758e-02
5.473376597773235014e-02
5.413462148858236289e-02
5.642771765497012898e-02
5.466373711122743395e-02
5.555075787761808159e-02
5.695129037045924131e-02
5.829866297815342741e-02
5.902578485476581843e-02
5.605697395499283087e-02
4.698589066651397139e-02
4.412502663712702250e-02
5.297475721778755614e-02
5.177979137437094953e-02
5.047588872559158335e-02
4.899841646850713189e-02
4.784675990663825318e-02
4.926957771974318362e-02
4.945328876995275236e-02
4.400231957836770597e-02
4.621821696900334925e-02
4.680548185766637143e-02
4.532214604507260602e-02
4.632162164433620277e-02
4.762969108764559395e-02
4.820629490546157747e-02
4.762374850537751808e-02
4.767321232181363083e-02
4.848894688463759040e-02
4.925164881953807833e-02
4.971251211351248450e-02
5.019299965060938784e-02
5.089569639690524200e-02
5.321616969319411389e-02
5.531150890916524537e-02
5.638735455917017608e-02
5.603711558919504537e-02
5.605530257794801713e-02
5.628982537262403052e-02
5.697564605008243604e-02
5.901125247343387559e-02
6.037271081360300745e-02
6.251517633598031864e-02
6.340391412283857830e-02
6.353436188099405302e-02
6.473956178386620908e-02
6.611136233768231951e-02
6.618441042172737432e-02
6.502311256045778531e-02
6.318184001373605696e-02
6.009366100809244993e-02
5.816108588408695074e-02
5.676082633199107386e-02
5.528902485812513951e-02
5.466488984774328652e-02
5.511396481151721594e-02
5.702171503797588692e-02
5.836931445876280405e-02
5.867214960652332445e-02
5.864157006659147936e-02
5.841904222203835734e-02
5.753992557366085364e-02
5.635584043255447567e-02
5.534086803156378076e-02
5.530265866917923046e-02
5.520532538553678953e-02
5.488082409552430541e-02
5.565486462149575597e-02
5.626219822465629294e-02
5.655624263458292750e-02
5.562807729297038900e-02
5.455760908129979325e-02
5.168135349966506559e-02
4.910514325456585144e-02
4.662065470726244748e-02
4.342061325164594393e-02
4.075556258133840315e-02
3.826547166355578899e-02
3.676781303704670240e-02
3.557826561188786457e-02
3.533643017339326009e-02
3.460846247272290899e-02
3.527401766392531529e-02
3.626642508926340019e-02
3.743397726572340878e-02
3.959155990211064846e-02
4.183113216834741244e-02
4.415113712806358059e-02
4.662413923579634967e-02
4.464790363156034142e-02
4.582209612169362012e-02
4.902624682493037650e-02
4.920211815076247497e-02
5.027396160746508413e-02
5.218421508713025347e-02
5.454439999812176615e-02
5.503093689612329614e-02
5.762645680480506932e-02
5.778480499877303167e-02
5.935914608525221653e-02
5.890500399551109462e-02
6.147166163470785261e-02
6.404158133588346014e-02
6.240269819676150936e-02
6.211161518032166928e-02
6.345075276878241188e-02
6.056292654397670006e-02
5.977903249870425428e-02
5.983034784740116907e-02
5.822663471657545109e-02
5.873701843895049596e-02
5.962832427744282210e-02
6.046395649734707944e-02
6.167367044620048616e-02
5.817012080593690626e-02
5.900262529606473821e-02
5.902608651823623015e-02
5.806131187360823176e-02
5.697377622900675481e-02
5.585912719556816730e-02
5.466286947243145095e-02
5.342096250070653418e-02
5.267122605255947915e-02
5.177694260728319536e-02
5.086095690799512237e-02
4.980205235066054170e-02
4.890688425186760779e-02
4.812448925378416675e-02
4.746662352928889689e-02
4.694734356163522693e-02
4.637676764686364528e-02
4.592300045032410988e-02
4.503185908107829732e-02
4.445302184342839191e-02
4.386179717585484555e-02
4.307920457789912033e-02
4.238364399020671386e-02
4.182451518610551255e-02
4.121581128324642435e-02
4.080533407769405818e-02
4.071852493327483835e-02
4.054849439889909174e-02
4.051384721473984263e-02
4.061883802006718835e-02
4.066509020687060494e-02
4.042378618144731872e-02
4.022274301251255180e-02
4.019074040947384630e-02
4.028959370211227659e-02
4.049813861757400879e-02
4.068253968352510130e-02
4.093310979465122207e-02
4.129780861991735191e-02
4.165872920931217721e-02
4.194245519557649599e-02
4.209673552227784915e-02
4.209984797330277445e-02
4.222254314763651539e-02
4.217961586472037533e-02
4.198174120479311600e-02
4.557760586169812972e-02
4.507032449902920873e-02
4.458702559604852539e-02
4.414515006016588722e-02
4.366543521170635628e-02
4.333827603854149141e-02
4.326129000680432185e-02
4.416904105495306210e-02
4.417793002267289548e-02
4.141373947758131974e-02
4.090725430974734289e-02
4.196709901751717597e-02
4.309725894682418096e-02
4.421450316826853327e-02
4.557475144389332156e-02
4.665273005636060705e-02
4.840378257034048948e-02
4.951611704105915446e-02
5.085823281703157062e-02
5.218014158617757803e-02
5.356668136280847564e-02
5.471357005457418154e-02
5.527704074427011727e-02
5.596195425009809626e-02
5.735615139733678258e-02
5.841014252846049581e-02
5.983984679665324546e-02
6.050830901044445403e-02
5.967136644777857463e-02
5.935817532444640637e-02
5.821013092545922196e-02
5.895653612240377150e-02
5.903385964159128113e-02
5.919973998763169987e-02
5.711468320615267769e-02
5.719289293504535576e-02
5.658897364356819948e-02
5.619382333125898243e-02
5.730722993595276787e-02
5.608692247040637791e-02
5.633668441887663969e-02
5.595534609384911207e-02
5.450171932863911300e-02
5.245960738183533950e-02
5.193375915178483071e-02
5.033440723171254960e-02
4.898178073482760408e-02
4.867828952599974335e-02
4.829895952066348003e-02
4.770528484555439791e-02
4.790035578762917579e-02
4.814151351962411146e-02
4.827778109327014039e-02
4.827251662014083594e-02
5.385598145623978622e-02
5.475040206601062415e-02
5.565931464319089778e-02
5.739642695920723486e-02
5.948040135792023730e-02
6.246617777410336247e-02
6.593482972495988415e-02
6.919207956569363438e-02
7.268414392679399538e-02
7.543558182628963549e-02
7.596489679505444292e-02
7.820289189518259132e-02
8.083178658829417995e-02
8.205475012797754097e-02
8.331722629981201667e-02
8.455965418263200473e-02
8.564392990626688851e-02
8.887700635727950604e-02
9.439769616850254841e-02
9.925362733773246404e-02
1.019796133770248803e-01
1.023922565992726880e-01
1.055802067552759904e-01
1.089625624324344760e-01
1.151377699659551224e-01
1.178196913117878220e-01
1.158642030956046759e-01
1.171655814036876575e-01
1.201097529130656649e-01
1.202742422147007190e-01
1.191161178848345603e-01
1.176478387474456933e-01
1.164852937022035628e-01
1.172865993592427519e-01
1.167415948903165607e-01
1.160766181108774386e-01
1.151919447929261181e-01
1.143097242172811112e-01
1.135556704730260325e-01
1.127957014945320385e-01
1.119886773595067386e-01
1.113982178683799590e-01
1.104805457022278725e-01
1.084046637927120887e-01
1.092060836144977676e-01
1.088921187407448504e-01
1.087664006118424093e-01
1.080127685314224983e-01
1.073280978775992128e-01
1.070963811586671810e-01
1.060105669108949017e-01
1.053478459159552377e-01
1.048452060868678704e-01
1.041686682717545970e-01
1.036889314355378677e-01
1.034604310664823806e-01
1.033053879550160925e-01
1.031146056890789725e-01
1.029026554970350338e-01
1.035225264661852468e-01
1.042102909137987837e-01
1.038507963352555685e-01
1.036875747799567704e-01
1.020295335775068674e-01
1.003068745327645450e-01
9.589044226178236596e-02
9.103580005948370968e-02
8.787366150585568247e-02
8.582207868728346234e-02
8.535800094808861094e-02
8.590206457693903841e-02
8.673543097490926668e-02
8.718425613496282034e-02
8.628082839027396977e-02
8.652010366316563450e-02
8.582013802926782842e-02
8.505597659508971897e-02
8.574207826002505639e-02
8.632830229893634355e-02
8.638453560115318119e-02
8.586970613839738087e-02
8.563432094515968651e-02
8.408809660212120118e-02
8.288111219160487764e-02
8.272942527733298523e-02
8.184565663333621954e-02
8.004775331882041378e-02
8.043030031727699258e-02
8.123489084932740412e-02
8.337755680427502702e-02
8.437902518314990830e-02
8.519346446588646482e-02
8.562167740589293752e-02
8.498990403872938582e-02
8.495552310571934107e-02
8.870894553124038240e-02
9.298199177467841858e-02
9.654676321563208929e-02
1.003983144022215779e-01
1.017831489448847992e-01
1.008301157795967462e-01
9.812996821539243797e-02
9.545824763620136544e-02
9.400344868031354495e-02
9.214535070941291817e-02
9.064828574477924727e-02
9.064908147213431022e-02
9.324928720542274840e-02
9.113036797890629315e-02
9.209261721835806935e-02
9.100879314250939767e-02
9.193149000297737294e-02
9.560970460460926912e-02
9.636420238781037706e-02
9.739442160812103455e-02
9.675423692621176741e-02
9.611481915419718691e-02
9.553976124095112099e-02
9.612118837993605114e-02
9.837156691578256840e-02
9.902602710589347712e-02
9.854953675737870844e-02
9.815078271515517705e-02
9.763488354913772704e-02
9.709613924197280088e-02
9.791899053872957226e-02
1.001432045034701263e-01
1.005729060109122747e-01
1.030004541733110512e-01
1.038409807463008677e-01
1.070224645471333919e-01
1.031086676408538710e-01
1.070950332642513630e-01
1.081341115954795734e-01
1.015118553738392354e-01
1.017326095042209583e-01
1.021746104106491942e-01
1.037529229278706805e-01
1.052475667985603713e-01
1.065701465151970284e-01
1.090496731594557261e-01
1.127758770401988686e-01
1.167956047966829530e-01
1.184658703940919822e-01
1.166578324771422176e-01
1.174625798613666700e-01
1.209656505869450838e-01
1.221712065704205069e-01
1.249726567012401368e-01
1.264942429192003059e-01
1.291978133956785679e-01
1.320174192143326042e-01
1.341933570041421719e-01
1.356860984859388219e-01
1.370933984290445828e-01
1.391246041866514849e-01
1.395745387084385558e-01
1.391868171589605852e-01
1.385023980446984937e-01
1.370394071996463292e-01
1.353172501210540279e-01
1.346117170836599874e-01
1.360965226269343353e-01
1.334467660029165503e-01
1.318582078506245203e-01
1.315970962782283260e-01
1.327483136413027121e-01
1.343360233337839438e-01
1.342841621528877427e-01
1.342825242198433522e-01
1.371779243668256043e-01
1.388949939393115673e-01
1.413957572754397374e-01
1.395612734490362383e-01
1.409790107639518064e-01
1.461576009051809566e-01
1.500512902355390366e-01
1.518717107080020112e-01
1.576519901009748037e-01
1.618416209004305828e-01
1.697749487813174085e-01
1.695988044559537666e-01
1.698283905254701076e-01
1.705627856853997593e-01
1.697848756625026934e-01
1.688603630760079355e-01
1.566799396184715421e-01
1.608368483603692112e-01
1.646745173471960144e-01
1.744580157599790182e-01
1.775817551435135699e-01
1.804867047827062587e-01
1.848180621201479523e-01
1.881584566449381046e-01
1.847276249934712844e-01
1.805753191820960724e-01
1.794266845037306990e-01
1.869143696593787984e-01
1.924484973998443482e-01
1.945428699644030923e-01
1.919874506418068061e-01
1.921819461398657780e-01
1.941500667331761409e-01
1.953982058482651996e-01
2.009674245706999096e-01
1.971258106944492605e-01
1.992019544610590387e-01
2.098411041117275444e-01
2.163746144377018399e-01
2.020332328751975604e-01
1.945613333003919088e-01
1.848137269219098655e-01
1.827261956577793667e-01
1.875317277423806939e-01
1.852313869955493630e-01
2.113715186748068298e-01
2.075314069605301570e-01
2.210436368319972644e-01
2.162043348650222740e-01
2.156097760989012235e-01
2.111185810874830482e-01
2.069559046069586739e-01
2.029832652502753243e-01
1.987694261195708245e-01
1.926235378098055950e-01
1.872675750687379514e-01
1.825063614558044833e-01
1.790204260051029561e-01
1.780018911381449354e-01
1.739965710614986560e-01
1.700793339451955322e-01
1.707020559141839144e-01
1.647493405467704841e-01
1.593887912208676039e-01
1.589405945041844348e-01
1.664596043496450184e-01
1.664322692391125014e-01
1.667213412650613569e-01
1.670746976176639143e-01
1.682385791797234575e-01
1.685367193217566506e-01
1.684302647332273084e-01
1.683795055944236341e-01
1.686122093462409932e-01
1.690022571447744315e-01
1.688685658337720219e-01
1.689176617859102503e-01
1.694408305277672888e-01
1.712692529381885376e-01
1.732144766758440535e-01
1.751484160364341625e-01
1.771313323306403786e-01
1.957805392391540888e-01
2.030888273602044491e-01
1.905445667420653244e-01
1.917404178701350714e-01
1.956210820780807380e-01
1.995044439240454826e-01
2.022050327354372734e-01
2.051909512478888031e-01
2.097717629700351916e-01
2.147383684658888126e-01
2.155314708634201437e-01
2.099359236599959433e-01
2.090968942606578063e-01
2.101491285208886006e-01
2.073308593630294738e-01
2.078142052825645847e-01
2.066460691103074176e-01
1.957473193787780119e-01
1.965898635337238187e-01
2.123216111293096120e-01
2.136053735691240962e-01
2.131907865637719113e-01
2.174310117286950284e-01
2.180898844329095809e-01
2.176122259436254480e-01
2.189889613420311909e-01
2.214617569234567096e-01
2.228712028893364283e-01
2.224790517678868207e-01
2.129338876959937510e-01
2.092660360688423093e-01
2.233841109781989909e-01
2.243035549265258999e-01
2.191780991369591536e-01
2.142177375279414042e-01
2.096512987769531267e-01
2.104311781020911376e-01
2.140028867656887379e-01
2.154223508824260613e-01
2.177865117089355373e-01
2.217472183254892149e-01
2.216925815577163172e-01
2.235551703984914040e-01
2.274833043094053320e-01
2.270430216398897638e-01
2.271564860704574085e-01
2.285379337263969135e-01
2.299701948408704455e-01
2.313414975163635146e-01
2.319289605752812289e-01
2.324476096723037954e-01
2.376279807463640981e-01
2.428726014978665748e-01
2.436311455998943776e-01
2.445767754924108861e-01
2.466769461217240555e-01
2.490198050228263904e-01
2.499745366115128098e-01
2.425803285096053419e-01
2.358740764791400213e-01
2.372247626572011325e-01
2.383106395215501827e-01
2.445482997673885384e-01
2.511324903089712235e-01
2.577222472050144653e-01
2.587836651485708184e-01
2.614067421522933699e-01
2.640767452911389479e-01
2.651783642006820818e-01
2.659387211774480453e-01
2.679825583087531160e-01
2.688618483735174536e-01
2.666864678046759196e-01
2.677304286168900593e-01
2.673357643326244037e-01
2.669941088852085254e-01
2.665610254594583117e-01
2.659740984765566196e-01
2.651476005901804989e-01
2.670756088826508612e-01
2.739618273754629296e-01
2.580109590444836232e-01
2.594092043669027903e-01
2.616682760639628680e-01
2.577134299725860056e-01
2.583056585337213940e-01
2.480494018581726190e-01
2.490517670638224268e-01
2.541449855045201378e-01
2.551685668432147613e-01
2.521161578676028858e-01
2.550732268107048228e-01
2.552718903106021009e-01
2.543329853955342279e-01
2.549107663412357172e-01
2.572111535411096273e-01
2.580094231067353583e-01
2.560090325527151767e-01
2.569404330287686777e-01
2.641153203473169953e-01
2.717161758422878548e-01
2.721070986459213081e-01
2.695166297440061420e-01
2.689824020111162284e-01
2.662895538032645781e-01
2.674039394557461424e-01
2.694471506468360533e-01
2.689338077660047288e-01
2.683648632421737346e-01
2.681818607297056789e-01
2.677796810641235314e-01
2.714081363864087049e-01
2.805901907296787789e-01
2.704460387817922973e-01
2.742068568844025500e-01
2.795815011182464782e-01
2.797574878906869955e-01
2.797309246344835687e-01
2.807454310186128232e-01
2.792502605780269875e-01
2.777179938766902723e-01
2.786536033683182922e-01
2.845239981014121566e-01
2.891022214578189420e-01
2.930920690885828739e-01
2.996552493074892687e-01
3.177318022531822050e-01
3.249152206685787525e-01
3.212454434154822791e-01
3.229408976012406729e-01
3.321020841383138245e-01
3.354506474172229136e-01
3.468998863185459580e-01
3.485309899377442844e-01
3.494493046717618845e-01
3.400036304141538235e-01
3.399108896437968430e-01
3.192175283861300450e-01
3.189192365926567518e-01
3.280178837553752724e-01
3.242943137999320657e-01
3.461971127700504969e-01
3.378941064246274162e-01
3.378748597877849758e-01
3.578522584000715101e-01
3.613751934667683852e-01
3.567712981145732543e-01
3.570724710324061912e-01
3.732102297210438957e-01
3.700383170186701820e-01
3.676583408569495393e-01
3.655495256688575667e-01
3.667861077749964838e-01
3.687168695036842636e-01
3.700069078478855356e-01
3.665699944911476882e-01
3.692449518103784745e-01
3.710603018521015373e-01
3.702894155893236561e-01
3.718297020733353775e-01
3.867812725095742810e-01
3.890230022612519156e-01
3.914820515824508629e-01
3.938627223286609857e-01
4.127522205670798860e-01
4.177911770914163325e-01
4.235083990706449697e-01
4.018379420402579671e-01
4.061970821885740879e-01
4.124804342003687840e-01
4.374896603166262277e-01
4.749474229497550604e-01
4.974554544594420036e-01
5.242842266327227829e-01
5.343875685537102793e-01
6.869431461373723957e-01
7.153676175185975650e-01
9.433078172756370616e-01
1.016823267157128230e+00
7.715247866273673427e-01
8.318972841863228052e-01
8.836803459248051551e-01
1.073593603355878168e+00
1.133971696490697845e+00
1.073338980354627159e+00
1.119199106730368154e+00
8.598550686970650725e-01
1.135025580522580624e+00
1.556126391110304263e+00
1.751690736462011344e+00
2.077187171270673538e+00
2.519157182226785974e+00
2.766560287239615779e+00
3.025010077028178923e+00
2.456475477438702981e+00
2.331627255832397605e+00
2.188811702866469755e+00
2.202190663918965008e+00
1.993053809072758753e+00
2.065749713593101777e+00
2.130057334907470956e+00
2.106093544386814731e+00
2.207079474162354060e+00
2.654821156433327722e+00
2.766652360848699033e+00
2.826055023720999149e+00
2.795514056235965050e+00
2.918715664557040679e+00
3.199464175838319768e+00
3.473764243149452646e+00
3.628961348299969636e+00
3.968772248507243194e+00
3.650234534169054079e+00
3.867963627133036209e+00
3.548366602533415737e+00
3.562509769545133764e+00
4.281903313139733491e+00
4.468624584114865961e+00
4.048572611834915236e+00
4.033844074928246926e+00
4.154147045588585385e+00
4.648333228713682708e+00
4.625732811244066767e+00
5.033451422691064714e+00
5.440155536643333178e+00
5.889740040861537018e+00
6.354983870499714804e+00
6.793373309925766712e+00
7.303373948406277627e+00
7.843652570799201307e+00
8.419479212367003029e+00
8.549679454112986576e+00
7.491114941317234432e+00
8.674533894755162677e+00
9.225117068052128388e+00
9.113617551823226748e+00
9.733804741013109663e+00
9.959364277006015342e+00
5.401165933409020070e+00
5.516855053868287229e+00
6.315881446069994354e+00
7.093855794851794627e+00
7.950173630565230631e+00
8.782721116021717123e+00
9.020822983219350277e+00
7.622216989689466260e+00
6.245776884995502876e+00
6.390931539655034577e+00
6.535661781865338860e+00
6.460239338513075857e+00
6.614381047723036922e+00
6.848250421946479705e+00
7.117446666393285604e+00
7.453567636109262651e+00
7.740341583314269691e+00
7.903172435732942702e+00
8.059789447658580741e+00
8.903583622774290163e+00
9.056939007051074242e+00
8.590450739871711150e+00
8.178642647020668122e+00
8.322832172846615251e+00
8.471383387896386452e+00
9.222708938897714148e+00
9.400818286162023085e+00
9.571129361884731068e+00
8.703301201942252874e+00
7.769192635471932284e+00
6.744331116236690349e+00
6.908870466059830129e+00
9.422371693074996557e+00
1.161653125686244081e+01
1.176089744133769344e+01
1.184235249731550432e+01
1.260647432248325472e+01
1.265936997194187086e+01
1.275347197685564282e+01
1.260434815345931980e+01
1.245395978460794417e+01
1.251486922349879194e+01
1.342894413530950537e+01
1.341796974915553520e+01
1.342270317311392525e+01
1.321637860550582033e+01
1.281678201239586201e+01
1.286716036218497372e+01
1.321240562991602552e+01
1.347827703483135231e+01
1.348320590378533090e+01
1.359759813506820514e+01
1.098871403915060263e+01
1.266562304549525564e+01
1.362247717693986182e+01
1.382296418839905705e+01
1.329565652421896793e+01
1.336685773951589695e+01
1.339927714924037794e+01
1.365018754362450260e+01
1.360805359659064173e+01
1.327679202709750506e+01
1.329268323381603700e+01
1.242286297170579168e+01
1.244032198709963133e+01
1.219126708153560656e+01
1.228183746785617814e+01
1.098579206931661290e+01
1.091868963421161709e+01
1.051617884789304824e+01
1.142284856388024572e+01
1.181877568679594148e+01
1.017945394609662024e+01
9.750217189135629070e+00
1.029806739310179786e+01
1.079625161569881975e+01
1.288130439125802518e+01
1.566916040524625764e+01
1.279251074836822966e+01
9.204542188562143679e+00
1.012549387473073637e+01
1.115926914491881838e+01
1.123181296987839239e+01
1.083803655218031459e+01
9.609289236958643343e+00
9.731838945204463798e+00
9.796450890563969338e+00
1.072133073031276140e+01
1.091057421174757458e+01
1.167710429047498444e+01
1.212591477261170603e+01
1.337569805281475688e+01
1.202858234150156491e+01
1.018922288903660522e+01
1.071465209873568192e+01
1.189574677950828629e+01
1.230748004561842635e+01
1.307700647725482668e+01
1.384231745250110812e+01
1.412160299785926831e+01
1.516726282520452074e+01
1.571781226624445793e+01
1.571050443099781724e+01
1.469612243484361080e+01
1.470823842746194643e+01
1.463830541239264349e+01
1.282470985802558872e+01
1.293733317425077622e+01
1.348771288122975243e+01
1.472813175906717831e+01
1.481425857513609756e+01
1.471765749913762278e+01
1.448995690917333690e+01
1.438480470114984122e+01
1.336904867078715853e+01
1.313635038829320045e+01
1.274873264061980649e+01
1.463355700306887108e+01
1.363086722268616136e+01
1.294540909551283825e+01
1.239119937336542243e+01
1.239097482795819438e+01
9.506889035849898306e+00
1.128644103712072777e+01
1.412568812252522932e+01
1.588898059422854558e+01
1.536067666795050002e+01
1.427370312727301638e+01
1.557957166710084351e+01
1.546646191302021300e+01
1.482543115397866806e+01
1.461813203160594554e+01
1.448405312469561323e+01
1.464380237635141846e+01
1.470071739097753039e+01
6.029063331055446895e+00
6.906817766981860451e+00
7.974326537716074803e+00
1.154453775554265427e+01
1.251332573680220506e+01
1.419420320390123358e+01
1.421471336003395969e+01
1.457746087829204740e+01
1.440827560003274144e+01
1.351026835751780375e+01
1.336311758738263045e+01
1.361912478306559215e+01
1.364260153025811029e+01
1.359563394022501903e+01
1.345490702111177228e+01
1.282255394762509226e+01
1.292646799517577350e+01
1.249051067494739264e+01
1.220228142204184252e+01
1.213946663783331203e+01
1.168935777977897317e+01
1.175710291722302969e+01
1.178898867280187979e+01
1.184344311675836536e+01
1.189858709422736993e+01
1.193067709891353267e+01
1.194002863770530709e+01
1.210300672502046559e+01
1.099393625110838180e+01
1.045270836350942822e+01
8.655849702270046464e+00
6.272088619450292057e+00
4.784185744132648743e+00
4.701890523590937399e+00
5.972759622279465219e+00
5.607060798213805874e+00
4.574806123191398122e+00
3.236495885788555960e+00
2.728160659095041574e+00
2.863544325957719128e+00
3.013108475635176919e+00
3.139132107174138042e+00
3.370791758176836961e+00
3.565068473350952338e+00
3.495084045049869914e+00
3.437482308980429835e+00
2.581481134746624662e+00
2.528897477012517658e+00
2.677987748149344593e+00
2.630530921939068456e+00
2.650560204196725334e+00
2.470375715519825377e+00
2.544472953290625838e+00
3.945905953604785132e+00
3.666656862655263360e+00
3.267190680665570834e+00
3.128594197823000300e+00
3.890031226595187075e+00
3.947779567618638907e+00
4.198011706009987520e+00
4.066595244015028143e+00
3.829455340573414635e+00
3.484484738478655252e+00
3.039104368329109906e+00
2.888517100808578597e+00
2.702442358055691773e+00
2.694649068288148541e+00
2.639400399096080818e+00
2.506640500785399350e+00
3.434356738553241861e+00
3.197012120906846278e+00
1.226200254376036636e+00
1.498234027837432869e+00
1.417771835485606369e+00
1.056357110642157648e+00
1.400392322264661926e+00
1.959351745014440649e+00
2.932196586036084351e+00
2.930314026868586108e+00
2.905854227558408276e+00
1.079332791575556394e+00
1.054805491413638219e+00
1.046243178889523229e+00
4.284354030603192420e+00
4.100052020663887298e+00
3.627900865006917108e+00
3.021867614908663402e+00
2.848347973034169645e+00
3.741122984762561998e+00
3.635967738084505463e+00
3.420247459036917181e+00
3.229870571032649629e+00
3.178234744470140427e+00
3.026636035232434629e+00
2.944640641875640341e+00
2.916125016651384794e+00
2.884839835937547559e+00
1.777246137387122893e+00
1.712588030600618705e+00
1.754255542425604775e+00
1.740986629499225113e+00
1.395618197534824745e+00
1.141170820176333978e+00
1.122246011383339237e+00
1.214771182319872134e+00
1.110325551386089460e+00
8.572532732114813703e-01
6.100207060695247430e-01
5.569186073832665951e-01
5.292343628754166973e-01
5.205088029574198583e-01
6.536233387118516314e-01
6.386877983884334808e-01
7.074983828869653157e-01
7.951073044075434026e-01
7.746052635502632677e-01
5.836027221464527015e-01
5.535058102900068944e-01
5.377545391743583370e-01
5.224598848857391342e-01
5.058683677653644795e-01
4.939844332172323993e-01
6.350759902302972604e-01
6.147507802411940059e-01
4.606016916486605495e-01
4.379740899403761212e-01
4.427057306556550498e-01
4.190744653873039183e-01
3.634642654722972654e-01
3.417799174632776826e-01
3.389012692476430777e-01
3.362106950032955344e-01
3.354574031716719973e-01
3.375615446595428004e-01
3.397066071703541690e-01
3.419489790653374439e-01
3.441752273607360246e-01
3.464111085733155848e-01
3.485965661266912097e-01
3.511923297507093533e-01
3.541171594518685573e-01
3.529485922009950594e-01
3.454707663206961210e-01
3.383093539786655723e-01
3.315461395480789886e-01
3.244673091708784596e-01
3.250663000663106539e-01
3.594549540817272293e-01
3.591012105770745033e-01
3.588712329992906347e-01
3.585960568619163680e-01
3.619820419863971628e-01
3.655469239106400869e-01
3.691794867489159859e-01
3.686160741129188567e-01
3.689919412453587788e-01
3.656305416249815976e-01
3.661109186741516863e-01
3.464143000930028915e-01
3.682526183481866222e-01
3.539556452694346822e-01
3.263367357303796346e-01
3.275964593050085250e-01
3.287880921883323815e-01
3.301919000182967912e-01
3.296031651070748247e-01
3.279930123933485486e-01
3.265007278350076092e-01
3.249780277257695582e-01
3.242889360823092981e-01
3.167704339098060262e-01
3.162859992320478097e-01
3.209469715500888887e-01
3.209057166688083496e-01
3.210868419758837744e-01
3.166604279556336499e-01
3.161231202606592516e-01
3.267698218362824480e-01
3.253777929674086522e-01
3.299109294018415239e-01
3.283956187297448759e-01
3.303661360924539658e-01
3.253711080965445146e-01
3.202827428509169572e-01
3.173859500180004622e-01
3.156982243608848493e-01
3.230206530364480022e-01
3.207719627817050001e-01
3.183731898055799925e-01
3.170013274450981244e-01
3.114965458618692007e-01
3.093397433995073720e-01
3.124977716257574256e-01
3.158218303464698784e-01
3.134108366104016996e-01
3.087324058089829792e-01
3.071240471132747896e-01
3.085710336955306832e-01
3.063506295888897557e-01
3.043499782231051110e-01
3.070551633050264129e-01
3.095473499783650828e-01
3.076900652298799055e-01
3.086500302251297678e-01
3.023037851790504882e-01
2.859957452540672906e-01
2.738845461905099476e-01
2.869044757024095116e-01
2.853841371199559163e-01
2.806623152531705356e-01
2.698648738998609686e-01
2.730270604664035150e-01
2.763917280727334891e-01
2.797742960466335083e-01
2.831546799959333005e-01
2.820007913221720952e-01
2.923553029334588493e-01
2.915947292685870940e-01
2.919746318790296669e-01
2.902977093792500907e-01
2.881459670571573373e-01
2.868345096984604714e-01
2.883692623660282783e-01
2.898580765425927686e-01
2.889866413026187519e-01
2.879071207910405272e-01
2.907637839757383214e-01
2.896170095219226526e-01
2.859429471836180126e-01
2.849756640723872247e-01
2.839136380723734088e-01
2.871455911598276844e-01
2.891163628550960096e-01
2.846703865134678213e-01
2.835302864137969614e-01
2.847815837012588336e-01
2.835746712127947822e-01
2.834293435944579276e-01
2.830166884431375984e-01
2.817202365526397245e-01
2.950290875547624814e-01
3.098414094215526937e-01
3.081090523905412604e-01
2.852761664448664192e-01
2.805087988400931098e-01
2.808299494261856655e-01
2.793242234608721564e-01
2.751224310170689580e-01
2.838893947012653407e-01
2.949905636770132067e-01
2.847503542982310898e-01
2.730662805503669688e-01
2.648941974593276849e-01
2.475501478903159025e-01
2.461698168972363820e-01
2.311064259471025950e-01
2.179229968621461677e-01
2.038639289512714503e-01
2.005886349232341437e-01
1.989571166484799258e-01
1.998029687858638992e-01
2.009610826173906795e-01
1.995209860749475317e-01
2.020822320192548205e-01
2.014955615340364992e-01
1.891184913156165326e-01
1.876510576782590423e-01
1.857193361932885090e-01
1.841914771308694188e-01
1.818947837739224860e-01
1.724906068063969955e-01
1.625795734168445639e-01
1.628327394459652688e-01
1.630138689888060155e-01
1.615481964107671753e-01
1.562431790735224202e-01
1.552003781855622322e-01
1.565669833618196505e-01
1.557451848945693995e-01
1.550142722809796647e-01
1.554854193790986550e-01
1.548180500486817934e-01
1.543517798530243956e-01
1.540116432640079303e-01
1.534750625907806421e-01
1.528843059948034877e-01
1.522301522070904911e-01
1.516065837091297441e-01
1.509592510137753585e-01
1.508921641494469223e-01
1.501683423888913738e-01
1.515200087894403025e-01
1.507783179528882911e-01
1.500482450359445774e-01
1.491928506528248377e-01
1.441743719726237272e-01
1.421377837906727393e-01
1.467334019166895986e-01
1.469889901648613884e-01
1.488568139622069297e-01
1.484017137152956745e-01
1.461926760163799188e-01
1.461713698333538813e-01
1.459954990377382300e-01
1.464710935384860580e-01
1.460558879411895661e-01
1.486593060079056117e-01
1.478386750496582247e-01
1.470699535424968007e-01
1.415145126918608831e-01
1.392437295955307186e-01
1.351407750239689565e-01
1.395865578354583969e-01
1.443027941165560823e-01
1.490836593990929881e-01
1.328030513480793484e-01
1.311225069818061362e-01
1.302812611661135489e-01
1.296650748852101742e-01
1.288561702612981141e-01
1.283386177434143738e-01
1.282548633687288775e-01
1.276520530127303599e-01
1.263439997619865418e-01
1.256185623563530473e-01
1.248262548313052167e-01
1.243811266414615868e-01
1.246704552463769322e-01
1.233674497711815532e-01
1.225270664141897975e-01
1.219573166979723428e-01
1.214319074043866825e-01
