# Radius of the maximum first term in the reconnection rate during the 2023/10/10 - 2023/10/11 storm
8.400002895670983349e+00
8.400002895670983349e+00
8.400002895670983349e+00
8.400002895670983349e+00
8.400002895670983349e+00
8.400002895670983349e+00
8.400002895670983349e+00
8.400002895670983349e+00
8.400002895670983349e+00
8.400002895670983349e+00
8.400002895670983349e+00
8.400002895670983349e+00
8.400002895670983349e+00
8.400002895670983349e+00
8.400002895670983349e+00
8.400002895670983349e+00
8.400002895670983349e+00
8.400002895670983349e+00
8.400002895670983349e+00
8.400002895670983349e+00
8.400002895670983349e+00
8.400002895670983349e+00
6.094021602715772978e+00
5.986867839658509993e+00
6.094021602715772978e+00
6.094021602715772978e+00
6.094021602715772978e+00
6.129850571794528413e+00
6.129850571794528413e+00
6.129850571794528413e+00
6.129850571794528413e+00
6.165733452907523393e+00
6.165733452907523393e+00
6.129850571794528413e+00
6.129850571794528413e+00
6.129850571794528413e+00
6.129850571794528413e+00
6.094021602715772978e+00
6.094021602715772978e+00
6.022529247987954193e+00
5.986867839658509993e+00
6.129850571794528413e+00
6.129850571794528413e+00
6.129850571794528413e+00
6.129850571794528413e+00
6.129850571794528413e+00
6.201669310249155131e+00
6.237657228213136840e+00
6.237657228213136840e+00
6.237657228213136840e+00
6.273696310890654715e+00
6.273696310890654715e+00
8.172454030230889899e+00
8.172454030230889899e+00
8.172454030230889899e+00
8.172454030230889899e+00
8.171255413855661232e+00
8.171255413855661232e+00
8.171255413855661232e+00
8.171255413855661232e+00
8.171255413855661232e+00
8.171255413855661232e+00
8.170256432551903814e+00
8.169457159555218340e+00
8.169457159555218340e+00
8.170256432551903814e+00
8.170256432551903814e+00
8.171255413855661232e+00
8.171255413855661232e+00
8.170256432551903814e+00
8.170256432551903814e+00
8.170256432551903814e+00
8.170256432551903814e+00
8.171255413855661232e+00
8.171255413855661232e+00
8.170256432551903814e+00
8.170256432551903814e+00
8.171255413855661232e+00
8.171255413855661232e+00
8.171255413855661232e+00
8.171255413855661232e+00
8.172454030230889899e+00
8.171255413855661232e+00
8.170256432551903814e+00
8.170256432551903814e+00
8.171255413855661232e+00
8.171255413855661232e+00
8.171255413855661232e+00
8.171255413855661232e+00
8.172454030230889899e+00
8.172454030230889899e+00
8.172454030230889899e+00
8.172454030230889899e+00
8.172454030230889899e+00
8.172454030230889899e+00
8.172454030230889899e+00
8.173852193853932135e+00
8.173852193853932135e+00
8.173852193853932135e+00
8.173852193853932135e+00
8.173852193853932135e+00
8.173852193853932135e+00
8.173852193853932135e+00
8.175449802345207573e+00
8.175449802345207573e+00
8.175449802345207573e+00
8.175449802345207573e+00
8.136513011990420097e+00
8.097588576824746198e+00
8.097588576824746198e+00
8.058676675879599571e+00
4.712548788221553764e+00
4.710816406585881744e+00
4.747212334415867652e+00
4.747212334415867652e+00
4.783669190183581499e+00
4.782303945721546157e+00
4.782303945721546157e+00
4.780596841865476065e+00
4.780255347938247468e+00
4.816797629772685774e+00
4.816797629772685774e+00
4.816797629772685774e+00
4.817136533164251944e+00
4.817814268428120883e+00
4.817814268428120883e+00
4.818830692601205890e+00
4.818830692601205890e+00
4.821878679582565219e+00
4.821878679582565219e+00
4.858440537550553273e+00
4.858440537550553273e+00
4.858440537550553273e+00
4.860456181747363935e+00
4.862806710678491129e+00
4.856760195037922223e+00
4.858440537550553273e+00
4.858440537550553273e+00
4.858440537550553273e+00
4.858440537550553273e+00
4.858440537550553273e+00
4.858440537550553273e+00
4.858440537550553273e+00
4.823909600975598622e+00
4.858440537550553273e+00
4.821878679582565219e+00
4.821878679582565219e+00
4.821878679582565219e+00
4.820185591427283534e+00
4.820185591427283534e+00
4.820185591427283534e+00
4.820185591427283534e+00
4.818830692601205890e+00
4.818830692601205890e+00
4.818830692601205890e+00
4.782303945721546157e+00
4.782303945721546157e+00
4.782303945721546157e+00
4.781279756548244997e+00
4.781279756548244997e+00
4.781279756548244997e+00
4.744804541527138042e+00
4.744804541527138042e+00
4.744804541527138042e+00
4.744116376246758193e+00
4.744116376246758193e+00
4.707696513147511475e+00
4.707696513147511475e+00
4.707696513147511475e+00
4.707349730680661537e+00
4.670989188285274984e+00
4.670989188285274984e+00
4.670989188285274984e+00
4.670989188285274984e+00
4.670989188285274984e+00
4.670989188285274984e+00
4.670989188285274984e+00
4.671338670021675021e+00
4.671338670021675021e+00
4.671338670021675021e+00
4.671338670021675021e+00
4.671338670021675021e+00
4.672037555067784176e+00
4.672037555067784176e+00
4.672037555067784176e+00
4.672037555067784176e+00
4.672037555067784176e+00
4.671338670021675021e+00
4.635748663130094371e+00
4.674482829864428979e+00
4.674482829864428979e+00
4.638213069539395050e+00
4.638213069539395050e+00
4.638213069539395050e+00
4.638213069539395050e+00
4.638213069539395050e+00
4.639972558459345642e+00
4.642083064856490360e+00
4.605909049730159133e+00
7.585037486225086667e+00
7.623823041052029126e+00
7.701437701739722641e+00
7.779108981928486877e+00
7.779108981928486877e+00
7.856835202427448372e+00
7.856835202427448372e+00
7.856835202427448372e+00
7.857042978822573964e+00
7.857042978822573964e+00
7.857458515130002930e+00
7.895925161510305657e+00
7.895925161510305657e+00
7.934614748677222273e+00
7.895925161510305657e+00
7.896338651685059773e+00
7.858081778390628713e+00
7.858081778390628713e+00
7.857458515130002930e+00
7.857458515130002930e+00
7.857458515130002930e+00
7.819218099808857403e+00
7.781207250956620136e+00
7.781207250956620136e+00
7.818591738509730327e+00
7.818591738509730327e+00
7.818174136431646382e+00
7.818174136431646382e+00
7.780368011250632598e+00
7.741531717316404659e+00
7.742375166708446166e+00
7.703557126639449137e+00
7.702709426659536618e+00
7.663262295889897935e+00
7.624465402909350153e+00
7.585252707748221468e+00
7.546266746889738641e+00
7.468770637500666609e+00
7.430045740653036468e+00
7.352865506127316486e+00
7.391557467501186807e+00
7.430265451594463499e+00
4.602008634477428473e+00
7.391557467501186807e+00
7.318652349160341686e+00
7.395973313541053251e+00
7.473359302736146681e+00
7.550808317485926402e+00
7.627034309330523953e+00
7.667095834077116479e+00
7.744694178897254311e+00
7.746169552454852614e+00
7.784982710042126719e+00
7.786660104264883309e+00
7.823809883780483254e+00
7.823809883780483254e+00
7.823809883780483254e+00
7.823809883780483254e+00
7.823809883780483254e+00
7.823809883780483254e+00
7.825478955389038482e+00
7.825478955389038482e+00
7.827356235530244177e+00
7.866179706909229630e+00
7.866179706909229630e+00
7.866179706909229630e+00
7.866179706909229630e+00
7.866179706909229630e+00
7.868254756361794833e+00
7.868254756361794833e+00
7.868254756361794833e+00
7.868254756361794833e+00
7.868254756361794833e+00
7.868254756361794833e+00
7.868254756361794833e+00
7.868254756361794833e+00
7.868254756361794833e+00
7.868254756361794833e+00
7.868254756361794833e+00
7.868254756361794833e+00
7.829441574436430962e+00
7.829441574436430962e+00
7.829441574436430962e+00
7.829441574436430962e+00
7.829441574436430962e+00
7.829441574436430962e+00
7.829441574436430962e+00
7.829441574436430962e+00
7.829441574436430962e+00
7.827356235530244177e+00
7.827356235530244177e+00
7.827356235530244177e+00
7.827356235530244177e+00
7.790642468091274253e+00
7.788546740952889458e+00
7.788546740952889458e+00
7.788546740952889458e+00
7.788546740952889458e+00
7.788546740952889458e+00
7.788546740952889458e+00
7.788546740952889458e+00
7.788546740952889458e+00
7.788546740952889458e+00
7.788546740952889458e+00
7.790642468091274253e+00
7.788546740952889458e+00
7.751857648676932833e+00
7.751857648676932833e+00
7.751857648676932833e+00
7.749751433157817004e+00
7.747855349648324008e+00
7.709064904410129593e+00
7.709064904410129593e+00
7.709064904410129593e+00
7.670288985647921720e+00
7.709064904410129593e+00
7.709064904410129593e+00
7.709064904410129593e+00
7.709064904410129593e+00
7.707370622768339175e+00
7.668586136939213205e+00
7.670288985647921720e+00
7.670288985647921720e+00
7.670288985647921720e+00
7.670288985647921720e+00
7.670288985647921720e+00
7.668586136939213205e+00
7.668586136939213205e+00
7.629816315233951762e+00
7.629816315233951762e+00
4.702685672742195067e+00
4.702685672742195067e+00
4.698170695931498386e+00
4.698170695931498386e+00
4.698170695931498386e+00
4.702685672742195067e+00
4.702685672742195067e+00
4.702685672742195067e+00
7.668586136939213205e+00
7.670288985647921720e+00
7.672204238679344535e+00
7.710970526273942305e+00
7.710970526273942305e+00
7.710970526273942305e+00
7.710970526273942305e+00
7.710970526273942305e+00
7.672204238679344535e+00
7.670288985647921720e+00
7.670288985647921720e+00
4.702685672742195067e+00
4.698170695931498386e+00
4.698170695931498386e+00
4.698170695931498386e+00
4.693999170490569028e+00
4.726384982187353145e+00
4.726384982187353145e+00
4.722929733780370398e+00
4.722929733780370398e+00
4.722929733780370398e+00
4.726384982187353145e+00
4.726384982187353145e+00
4.726384982187353145e+00
4.726384982187353145e+00
4.726384982187353145e+00
4.726384982187353145e+00
4.726384982187353145e+00
4.726384982187353145e+00
4.726384982187353145e+00
4.726384982187353145e+00
4.722929733780370398e+00
4.730182840274518519e+00
4.726384982187353145e+00
4.726384982187353145e+00
4.726384982187353145e+00
4.726384982187353145e+00
4.726384982187353145e+00
4.726384982187353145e+00
4.726384982187353145e+00
4.730182840274518519e+00
4.730182840274518519e+00
4.734322483520828406e+00
4.734322483520828406e+00
4.738803016213702257e+00
4.738803016213702257e+00
7.674331737006729881e+00
7.676671304166285736e+00
7.676671304166285736e+00
7.676671304166285736e+00
7.676671304166285736e+00
7.676671304166285736e+00
7.676671304166285736e+00
7.676671304166285736e+00
7.676671304166285736e+00
7.679222746330087723e+00
7.679222746330087723e+00
7.679222746330087723e+00
7.679222746330087723e+00
7.679222746330087723e+00
7.679222746330087723e+00
7.679222746330087723e+00
7.679222746330087723e+00
7.679222746330087723e+00
7.679222746330087723e+00
7.679222746330087723e+00
7.679222746330087723e+00
7.676671304166285736e+00
7.679222746330087723e+00
7.640506897602235448e+00
7.676671304166285736e+00
7.676671304166285736e+00
7.676671304166285736e+00
7.676671304166285736e+00
7.676671304166285736e+00
7.676671304166285736e+00
7.676671304166285736e+00
7.640506897602235448e+00
7.640506897602235448e+00
7.679222746330087723e+00
7.679222746330087723e+00
7.679222746330087723e+00
7.679222746330087723e+00
7.679222746330087723e+00
7.679222746330087723e+00
7.679222746330087723e+00
7.679222746330087723e+00
7.681985852386000069e+00
7.681985852386000069e+00
7.681985852386000069e+00
7.681985852386000069e+00
7.681985852386000069e+00
7.681985852386000069e+00
7.681985852386000069e+00
7.681985852386000069e+00
7.681985852386000069e+00
7.681985852386000069e+00
7.681985852386000069e+00
7.681985852386000069e+00
7.681985852386000069e+00
7.646273597137351885e+00
7.684960394024543007e+00
7.681985852386000069e+00
7.681985852386000069e+00
7.681985852386000069e+00
7.681985852386000069e+00
7.646273597137351885e+00
7.646273597137351885e+00
7.646273597137351885e+00
7.646273597137351885e+00
7.646273597137351885e+00
7.646273597137351885e+00
7.646273597137351885e+00
7.646273597137351885e+00
7.646273597137351885e+00
7.646273597137351885e+00
7.646273597137351885e+00
7.649475440623946909e+00
7.649475440623946909e+00
7.610820614288114072e+00
7.610820614288114072e+00
7.646273597137351885e+00
7.646273597137351885e+00
7.643283999748575752e+00
7.643283999748575752e+00
7.643283999748575752e+00
7.643283999748575752e+00
7.643283999748575752e+00
7.640506897602235448e+00
7.640506897602235448e+00
7.640506897602235448e+00
7.640506897602235448e+00
7.640506897602235448e+00
7.604597701849622915e+00
4.808712933954347513e+00
4.808712933954347513e+00
4.808712933954347513e+00
4.808712933954347513e+00
4.808712933954347513e+00
7.637942522483657903e+00
4.772786015495394274e+00
4.743815375737749918e+00
4.736927787062732875e+00
4.701139820468620556e+00
4.701139820468620556e+00
4.665423732626489794e+00
4.665423732626489794e+00
4.665423732626489794e+00
4.665423732626489794e+00
4.658770666031713859e+00
4.658770666031713859e+00
4.658770666031713859e+00
4.623076827573427749e+00
4.623076827573427749e+00
4.623076827573427749e+00
4.623076827573427749e+00
4.623076827573427749e+00
4.623076827573427749e+00
4.610701172270698756e+00
4.610701172270698756e+00
4.610701172270698756e+00
4.605032652716733566e+00
4.599712071223390097e+00
4.599712071223390097e+00
4.599712071223390097e+00
4.599712071223390097e+00
4.605032652716733566e+00
4.605032652716733566e+00
4.605032652716733566e+00
4.635585820928069367e+00
4.635585820928069367e+00
4.635585820928069367e+00
4.635585820928069367e+00
4.635585820928069367e+00
4.671530039487127972e+00
4.671530039487127972e+00
4.671530039487127972e+00
4.671530039487127972e+00
4.671530039487127972e+00
4.671530039487127972e+00
4.671530039487127972e+00
4.671530039487127972e+00
4.671530039487127972e+00
4.671530039487127972e+00
4.671530039487127972e+00
4.671530039487127972e+00
4.676768917132826608e+00
4.707543112716219724e+00
4.707543112716219724e+00
4.676768917132826608e+00
4.676768917132826608e+00
4.676768917132826608e+00
4.707543112716219724e+00
4.712741956919670905e+00
4.712741956919670905e+00
4.712741956919670905e+00
4.712741956919670905e+00
4.712741956919670905e+00
4.682350592560410973e+00
4.682350592560410973e+00
4.682350592560410973e+00
4.682350592560410973e+00
4.682350592560410973e+00
4.682350592560410973e+00
4.682350592560410973e+00
4.682350592560410973e+00
4.676768917132826608e+00
4.676768917132826608e+00
4.707543112716219724e+00
4.676768917132826608e+00
4.676768917132826608e+00
4.676768917132826608e+00
4.676768917132826608e+00
4.676768917132826608e+00
4.676768917132826608e+00
4.676768917132826608e+00
4.707543112716219724e+00
4.712741956919670905e+00
4.712741956919670905e+00
4.712741956919670905e+00
4.707543112716219724e+00
4.707543112716219724e+00
4.707543112716219724e+00
4.707543112716219724e+00
4.671530039487127972e+00
4.671530039487127972e+00
4.671530039487127972e+00
4.671530039487127972e+00
4.671530039487127972e+00
4.666635114122746231e+00
4.671530039487127972e+00
4.671530039487127972e+00
4.666635114122746231e+00
4.666635114122746231e+00
4.662085224431033126e+00
4.662085224431033126e+00
4.662085224431033126e+00
4.657881381520448727e+00
4.626067620908378863e+00
4.657881381520448727e+00
4.617944050667160738e+00
4.611222480949636271e+00
4.611222480949636271e+00
4.611222480949636271e+00
4.617944050667160738e+00
4.617944050667160738e+00
4.617944050667160738e+00
4.617944050667160738e+00
4.617944050667160738e+00
4.617944050667160738e+00
4.614407602875238545e+00
4.614407602875238545e+00
4.614407602875238545e+00
4.617944050667160738e+00
4.617944050667160738e+00
4.614407602875238545e+00
4.614407602875238545e+00
4.614407602875238545e+00
4.581932178684123613e+00
4.581932178684123613e+00
7.510185064188579673e+00
4.581932178684123613e+00
4.578367914491103363e+00
4.578367914491103363e+00
4.578367914491103363e+00
4.578367914491103363e+00
4.578367914491103363e+00
4.575157702613553035e+00
4.572302288791565417e+00
4.572302288791565417e+00
4.536284349185736531e+00
4.569802338105554362e+00
4.567658434207108265e+00
4.531603584622358127e+00
4.531603584622358127e+00
4.529802002665513250e+00
4.529802002665513250e+00
4.528360221040804490e+00
4.528360221040804490e+00
4.527278583500124576e+00
8.182768668873993789e+00
8.220503473427427821e+00
8.248569584566395108e+00
8.248569584566395108e+00
8.286394809745701195e+00
8.286394809745701195e+00
8.324242304026070016e+00
8.324242304026070016e+00
8.324242304026070016e+00
8.324242304026070016e+00
8.324242304026070016e+00
8.324242304026070016e+00
8.324242304026070016e+00
8.324242304026070016e+00
8.286394809745701195e+00
8.324242304026070016e+00
8.324242304026070016e+00
4.418329133635253925e+00
8.248569584566395108e+00
8.210766936254932702e+00
8.210766936254932702e+00
8.210766936254932702e+00
8.172987178086765780e+00
8.172987178086765780e+00
8.172987178086765780e+00
8.172987178086765780e+00
8.135230628965240740e+00
8.135230628965240740e+00
8.097497613543811923e+00
8.097497613543811923e+00
8.097497613543811923e+00
8.097497613543811923e+00
8.059788462351313854e+00
8.097497613543811923e+00
8.059788462351313854e+00
8.059788462351313854e+00
8.059788462351313854e+00
8.059788462351313854e+00
8.022103511920363417e+00
8.022103511920363417e+00
8.022103511920363417e+00
8.022103511920363417e+00
8.293212490347768195e+00
8.293212490347768195e+00
8.293212490347768195e+00
8.022103511920363417e+00
8.022103511920363417e+00
8.293212490347768195e+00
8.293212490347768195e+00
8.286320012912380406e+00
8.286320012912380406e+00
8.286320012912380406e+00
8.286320012912380406e+00
8.273109824482089536e+00
8.273109824482089536e+00
8.266793031953799442e+00
8.266793031953799442e+00
8.279618969233196069e+00
8.273109824482089536e+00
8.273109824482089536e+00
8.273109824482089536e+00
8.273109824482089536e+00
8.273109824482089536e+00
8.273109824482089536e+00
8.286320012912380406e+00
8.286320012912380406e+00
8.286320012912380406e+00
8.293212490347768195e+00
8.300295924645707757e+00
8.293212490347768195e+00
8.293212490347768195e+00
8.293212490347768195e+00
8.293212490347768195e+00
8.293212490347768195e+00
8.293212490347768195e+00
8.293212490347768195e+00
8.300295924645707757e+00
8.293212490347768195e+00
8.293212490347768195e+00
8.293212490347768195e+00
8.293212490347768195e+00
8.293212490347768195e+00
8.293212490347768195e+00
8.293212490347768195e+00
8.300295924645707757e+00
8.300295924645707757e+00
8.300295924645707757e+00
8.315033698598933043e+00
8.384252149945512045e+00
8.384252149945512045e+00
8.322687027297831719e+00
8.391647817110758467e+00
8.322687027297831719e+00
8.322687027297831719e+00
8.391647817110758467e+00
8.391647817110758467e+00
8.391647817110758467e+00
8.391647817110758467e+00
8.391647817110758467e+00
8.391647817110758467e+00
8.391647817110758467e+00
8.399231335779216323e+00
8.399231335779216323e+00
8.399231335779216323e+00
8.399231335779216323e+00
8.407002197597739368e+00
8.407002197597739368e+00
8.407002197597739368e+00
8.407002197597739368e+00
8.414959883555765074e+00
8.423103864149751985e+00
8.423103864149751985e+00
8.423103864149751985e+00
8.431433599549841063e+00
8.423103864149751985e+00
8.423103864149751985e+00
8.400002895670983349e+00
8.400002895670983349e+00
8.400002895670983349e+00
8.400002895670983349e+00
8.400002895670983349e+00
8.431433599549841063e+00
8.431433599549841063e+00
8.400002895670983349e+00
8.400002895670983349e+00
8.400002895670983349e+00
8.400002895670983349e+00
8.400002895670983349e+00
8.400002895670983349e+00
8.400002895670983349e+00
8.400002895670983349e+00
8.400002895670983349e+00
8.400002895670983349e+00
8.400002895670983349e+00
8.400002895670983349e+00
8.400002895670983349e+00
8.400002895670983349e+00
8.400002895670983349e+00
8.400002895670983349e+00
8.400002895670983349e+00
8.400002895670983349e+00
8.400002895670983349e+00
8.401852854837823514e+00
8.431433599549841063e+00
8.400002895670983349e+00
8.400002895670983349e+00
8.400002895670983349e+00
8.400002895670983349e+00
8.400002895670983349e+00
8.423103864149751985e+00
8.423103864149751985e+00
8.423103864149751985e+00
8.414959883555765074e+00
8.414959883555765074e+00
8.414959883555765074e+00
8.423103864149751985e+00
8.431433599549841063e+00
8.431433599549841063e+00
8.399231335779216323e+00
8.399231335779216323e+00
8.391647817110758467e+00
8.399231335779216323e+00
8.414959883555765074e+00
8.407002197597739368e+00
8.407002197597739368e+00
8.407002197597739368e+00
8.407002197597739368e+00
8.391647817110758467e+00
8.343850113151829007e+00
8.363197177753022515e+00
8.384252149945512045e+00
8.407002197597739368e+00
8.423103864149751985e+00
8.423103864149751985e+00
8.423103864149751985e+00
8.407002197597739368e+00
8.399231335779216323e+00
8.384252149945512045e+00
8.384252149945512045e+00
8.370026349280157874e+00
8.370026349280157874e+00
8.363197177753022515e+00
8.370026349280157874e+00
8.350108612798157637e+00
8.350108612798157637e+00
8.350108612798157637e+00
8.437915404012287013e+00
8.437915404012287013e+00
8.437915404012287013e+00
8.343850113151829007e+00
8.356557781363692428e+00
8.363197177753022515e+00
8.437915404012287013e+00
8.437915404012287013e+00
8.475849003189285469e+00
8.475849003189285469e+00
8.363197177753022515e+00
8.377044831817128667e+00
8.384252149945512045e+00
8.377044831817128667e+00
8.363197177753022515e+00
8.370026349280157874e+00
8.370026349280157874e+00
8.384252149945512045e+00
8.384252149945512045e+00
8.391647817110758467e+00
8.399231335779216323e+00
8.423103864149751985e+00
8.399231335779216323e+00
8.377044831817128667e+00
8.384252149945512045e+00
8.399231335779216323e+00
8.407002197597739368e+00
8.423103864149751985e+00
8.431433599549841063e+00
8.439948539768680646e+00
8.475849003189285469e+00
8.475849003189285469e+00
8.475849003189285469e+00
8.448648124832214279e+00
8.448648124832214279e+00
8.448648124832214279e+00
8.414959883555765074e+00
8.423103864149751985e+00
8.431433599549841063e+00
8.448648124832214279e+00
8.448648124832214279e+00
8.448648124832214279e+00
8.439948539768680646e+00
8.439948539768680646e+00
8.423103864149751985e+00
8.423103864149751985e+00
8.414959883555765074e+00
8.448648124832214279e+00
8.431433599549841063e+00
8.423103864149751985e+00
8.423103864149751985e+00
8.423103864149751985e+00
8.384252149945512045e+00
8.407002197597739368e+00
8.448648124832214279e+00
8.475849003189285469e+00
8.475849003189285469e+00
8.485281374238569541e+00
8.475849003189285469e+00
8.475849003189285469e+00
8.485281374238569541e+00
8.485281374238569541e+00
8.475849003189285469e+00
8.475849003189285469e+00
8.475849003189285469e+00
8.485281374238569541e+00
8.485281374238569541e+00
8.485281374238569541e+00
8.485281374238569541e+00
8.485281374238569541e+00
8.475849003189285469e+00
8.475849003189285469e+00
8.475849003189285469e+00
8.475849003189285469e+00
8.457531784952408316e+00
8.448648124832214279e+00
8.475849003189285469e+00
8.475849003189285469e+00
8.475849003189285469e+00
8.475849003189285469e+00
8.431433599549841063e+00
8.439948539768680646e+00
8.423103864149751985e+00
8.414959883555765074e+00
8.414959883555765074e+00
8.407002197597739368e+00
8.407002197597739368e+00
8.407002197597739368e+00
8.414959883555765074e+00
8.414959883555765074e+00
8.414959883555765074e+00
8.423103864149751985e+00
8.423103864149751985e+00
8.439948539768680646e+00
8.437915404012287013e+00
8.475849003189285469e+00
8.400002895670983349e+00
8.400002895670983349e+00
8.400002895670983349e+00
8.400002895670983349e+00
8.400002895670983349e+00
8.400002895670983349e+00
8.400002895670983349e+00
8.400002895670983349e+00
8.400002895670983349e+00
8.362111765033045430e+00
8.355184310715957352e+00
8.338559957466815220e+00
8.330529291277315451e+00
8.330529291277315451e+00
8.322687027297831719e+00
8.322687027297831719e+00
8.315033698598933043e+00
8.315033698598933043e+00
8.307569827349153613e+00
8.300295924645707757e+00
8.300295924645707757e+00
8.286320012912380406e+00
8.356557781363692428e+00
8.356557781363692428e+00
8.286320012912380406e+00
8.293212490347768195e+00
8.356557781363692428e+00
8.350108612798157637e+00
8.343850113151829007e+00
8.343850113151829007e+00
8.343850113151829007e+00
8.350108612798157637e+00
8.286320012912380406e+00
8.286320012912380406e+00
8.293212490347768195e+00
8.315033698598933043e+00
8.315033698598933043e+00
8.322687027297831719e+00
8.330529291277315451e+00
8.346778482065435156e+00
8.286394809745701195e+00
8.324242304026070016e+00
8.286394809745701195e+00
8.248569584566395108e+00
8.286394809745701195e+00
8.324242304026070016e+00
8.362111765033045430e+00
8.400002895670983349e+00
8.400002895670983349e+00
8.286394809745701195e+00
8.286394809745701195e+00
8.286394809745701195e+00
8.355184310715957352e+00
8.355184310715957352e+00
8.346778482065435156e+00
8.346778482065435156e+00
8.346778482065435156e+00
8.346778482065435156e+00
8.338559957466815220e+00
8.330529291277315451e+00
8.322687027297831719e+00
8.322687027297831719e+00
8.307569827349153613e+00
8.300295924645707757e+00
8.293212490347768195e+00
8.286320012912380406e+00
8.307569827349153613e+00
8.300295924645707757e+00
8.293212490347768195e+00
8.286320012912380406e+00
8.293212490347768195e+00
8.300295924645707757e+00
8.293212490347768195e+00
8.293212490347768195e+00
8.286320012912380406e+00
8.300295924645707757e+00
8.400002895670983349e+00
8.400002895670983349e+00
8.400002895670983349e+00
8.400002895670983349e+00
8.400002895670983349e+00
8.400002895670983349e+00
8.400002895670983349e+00
8.400002895670983349e+00
8.400002895670983349e+00
8.400002895670983349e+00
8.400002895670983349e+00
8.400002895670983349e+00
8.400002895670983349e+00
8.400002895670983349e+00
8.400002895670983349e+00
8.400002895670983349e+00
8.400002895670983349e+00
8.400002895670983349e+00
8.400002895670983349e+00
8.400002895670983349e+00
8.371672284916511941e+00
8.333846267556921816e+00
8.296042587771333743e+00
8.296042587771333743e+00
4.717050002901569172e+00
4.750993543524503870e+00
4.750993543524503870e+00
4.753398201428649550e+00
4.753398201428649550e+00
4.756144893192454148e+00
4.756144893192454148e+00
4.756144893192454148e+00
4.759233026622897711e+00
4.759233026622897711e+00
4.762661937542656432e+00
4.792533799371909708e+00
4.792533799371909708e+00
4.795598500164461875e+00
4.795598500164461875e+00
4.795598500164461875e+00
4.799001427838823552e+00
4.799001427838823552e+00
4.802741863454711435e+00
4.802741863454711435e+00
4.802741863454711435e+00
4.802741863454711435e+00
4.835402043169793274e+00
4.835402043169793274e+00
4.835402043169793274e+00
4.835402043169793274e+00
4.835402043169793274e+00
4.868510413439904205e+00
4.835402043169793274e+00
4.871862413430023686e+00
4.871862413430023686e+00
4.871862413430023686e+00
4.871862413430023686e+00
4.871862413430023686e+00
4.871862413430023686e+00
4.871862413430023686e+00
4.871862413430023686e+00
4.908381207007447067e+00
4.908381207007447067e+00
4.908381207007447067e+00
4.908381207007447067e+00
4.908381207007447067e+00
4.908381207007447067e+00
4.908381207007447067e+00
4.908381207007447067e+00
4.908381207007447067e+00
4.908381207007447067e+00
4.908381207007447067e+00
4.875546951673585205e+00
4.875546951673585205e+00
4.908381207007447067e+00
4.875546951673585205e+00
4.875546951673585205e+00
4.875546951673585205e+00
4.875546951673585205e+00
4.875546951673585205e+00
4.875546951673585205e+00
4.875546951673585205e+00
4.875546951673585205e+00
4.875546951673585205e+00
4.875546951673585205e+00
4.875546951673585205e+00
4.875546951673585205e+00
4.843160878725307761e+00
4.843160878725307761e+00
4.843160878725307761e+00
4.843160878725307761e+00
4.843160878725307761e+00
4.843160878725307761e+00
4.843160878725307761e+00
4.811232038784764242e+00
4.811232038784764242e+00
4.811232038784764242e+00
4.811232038784764242e+00
4.811232038784764242e+00
4.843160878725307761e+00
4.811232038784764242e+00
4.811232038784764242e+00
4.811232038784764242e+00
4.811232038784764242e+00
4.811232038784764242e+00
4.806819019114797698e+00
4.806819019114797698e+00
4.806819019114797698e+00
4.774985629082825866e+00
4.774985629082825866e+00
4.774985629082825866e+00
4.770539079542505334e+00
4.774985629082825866e+00
4.774985629082825866e+00
4.774985629082825866e+00
4.774985629082825866e+00
4.774985629082825866e+00
4.774985629082825866e+00
4.774985629082825866e+00
4.774985629082825866e+00
4.774985629082825866e+00
4.774985629082825866e+00
4.774985629082825866e+00
4.779769594804200494e+00
4.779769594804200494e+00
4.779769594804200494e+00
4.779769594804200494e+00
4.779769594804200494e+00
4.779769594804200494e+00
4.779769594804200494e+00
4.779769594804200494e+00
4.779769594804200494e+00
4.779769594804200494e+00
4.779769594804200494e+00
4.754279946507514509e+00
4.754279946507514509e+00
4.779769594804200494e+00
4.779769594804200494e+00
4.774985629082825866e+00
4.774985629082825866e+00
4.774985629082825866e+00
4.748782816930294359e+00
4.743623472404115304e+00
4.743623472404115304e+00
4.743623472404115304e+00
4.748782816930294359e+00
4.779769594804200494e+00
4.779769594804200494e+00
4.779769594804200494e+00
4.779769594804200494e+00
4.779769594804200494e+00
4.779769594804200494e+00
4.779769594804200494e+00
4.779769594804200494e+00
4.779769594804200494e+00
4.779769594804200494e+00
4.779769594804200494e+00
4.748782816930294359e+00
4.779769594804200494e+00
4.748782816930294359e+00
4.748782816930294359e+00
4.754279946507514509e+00
4.754279946507514509e+00
4.754279946507514509e+00
4.754279946507514509e+00
4.754279946507514509e+00
4.760113690881397908e+00
4.760113690881397908e+00
4.748782816930294359e+00
4.748782816930294359e+00
4.748782816930294359e+00
4.748782816930294359e+00
4.748782816930294359e+00
4.743623472404115304e+00
4.748782816930294359e+00
4.748782816930294359e+00
4.754279946507514509e+00
4.754279946507514509e+00
4.754279946507514509e+00
4.754279946507514509e+00
4.784889964653716632e+00
4.790345659890832053e+00
4.790345659890832053e+00
4.790345659890832053e+00
4.790345659890832053e+00
4.790345659890832053e+00
4.784889964653716632e+00
4.790345659890832053e+00
4.790345659890832053e+00
4.790345659890832053e+00
4.826476718509726815e+00
4.826476718509726815e+00
4.826476718509726815e+00
4.826476718509726815e+00
4.826476718509726815e+00
4.862671665762348105e+00
4.862671665762348105e+00
4.862671665762348105e+00
4.862671665762348105e+00
4.862671665762348105e+00
4.868375526740002179e+00
4.868375526740002179e+00
4.868375526740002179e+00
4.874407634028565361e+00
4.880766770595873716e+00
4.868375526740002179e+00
4.868375526740002179e+00
4.868375526740002179e+00
4.844707014284901803e+00
4.851441591269566089e+00
4.851441591269566089e+00
4.851441591269566089e+00
4.832223303477339194e+00
4.832223303477339194e+00
4.832223303477339194e+00
4.832223303477339194e+00
4.832223303477339194e+00
4.832223303477339194e+00
4.832223303477339194e+00
4.832223303477339194e+00
4.826476718509726815e+00
4.802258384854247275e+00
4.802258384854247275e+00
4.802258384854247275e+00
4.796135536198696592e+00
