# Radius of the maximum second term in the reconnection rate during the 2023/10/10 - 2023/10/11 storm
8.466598940701725695e+00
8.466598940701725695e+00
8.466598940701725695e+00
8.466598940701725695e+00
8.466598940701725695e+00
8.466598940701725695e+00
8.466598940701725695e+00
8.466598940701725695e+00
8.485281374238569541e+00
8.485281374238569541e+00
8.485281374238569541e+00
8.466598940701725695e+00
8.485281374238569541e+00
8.466598940701725695e+00
8.466598940701725695e+00
8.485281374238569541e+00
8.466598940701725695e+00
7.274064163612484535e+00
7.274064163612484535e+00
8.466598940701725695e+00
8.466598940701725695e+00
8.466598940701725695e+00
8.293212490347766419e+00
3.930943104211430228e+00
3.873325652858175872e+00
8.293212490347766419e+00
8.293212490347766419e+00
8.293212490347766419e+00
8.293212490347766419e+00
8.293212490347766419e+00
8.293212490347766419e+00
8.293212490347766419e+00
8.286320012912380406e+00
8.286320012912380406e+00
8.286320012912380406e+00
8.286320012912380406e+00
8.286320012912380406e+00
8.286320012912380406e+00
8.286320012912380406e+00
8.307569827349153613e+00
8.315033698598933043e+00
8.300295924645707757e+00
8.300295924645707757e+00
8.300295924645707757e+00
8.307569827349153613e+00
8.315033698598933043e+00
8.315033698598933043e+00
8.315033698598933043e+00
8.330529291277315451e+00
8.322687027297831719e+00
8.330529291277315451e+00
8.330529291277315451e+00
8.338559957466815220e+00
8.338559957466815220e+00
8.409520338426924368e+00
8.409520338426924368e+00
8.409520338426924368e+00
8.409520338426924368e+00
8.409520338426924368e+00
8.409520338426924368e+00
8.409520338426924368e+00
8.409520338426924368e+00
8.409520338426924368e+00
8.409520338426924368e+00
8.409520338426924368e+00
8.409520338426924368e+00
8.409520338426924368e+00
8.409520338426924368e+00
8.409520338426924368e+00
8.409520338426924368e+00
8.409520338426924368e+00
8.409520338426924368e+00
8.409520338426924368e+00
8.409520338426924368e+00
8.409520338426924368e+00
8.409520338426924368e+00
8.409520338426924368e+00
8.409520338426924368e+00
8.409520338426924368e+00
8.409520338426924368e+00
8.409520338426924368e+00
8.409520338426924368e+00
8.409520338426924368e+00
8.409520338426924368e+00
8.409520338426924368e+00
8.409520338426924368e+00
8.409520338426924368e+00
8.409520338426924368e+00
8.409520338426924368e+00
8.409520338426924368e+00
8.409520338426924368e+00
8.409520338426924368e+00
8.409520338426924368e+00
8.409520338426924368e+00
8.409520338426924368e+00
8.409520338426924368e+00
8.409520338426924368e+00
8.409520338426924368e+00
8.409520338426924368e+00
8.409520338426924368e+00
8.409520338426924368e+00
8.409520338426924368e+00
8.409520338426924368e+00
8.371672284916511941e+00
8.333846267556921816e+00
8.296042587771333743e+00
8.390669219145017621e+00
8.390669219145017621e+00
8.390669219145017621e+00
8.390669219145017621e+00
8.390669219145017621e+00
8.390669219145017621e+00
8.390669219145017621e+00
8.381519922776318410e+00
8.355184310715957352e+00
8.338559957466815220e+00
8.315033698598933043e+00
8.300295924645707757e+00
8.286320012912380406e+00
8.279618969233196069e+00
8.273109824482089536e+00
8.273109824482089536e+00
2.345958897984535607e+00
8.260669032913719789e+00
8.260669032913719789e+00
2.351293951615860855e+00
8.249001119322572961e+00
8.243458025831795766e+00
2.317023860854725559e+00
2.351293951615860855e+00
2.317023860854725559e+00
2.305486409676739346e+00
8.232955523787779839e+00
8.238109367669149918e+00
8.243458025831795766e+00
2.317023860854725559e+00
2.333872087938146045e+00
2.317023860854725559e+00
2.351293951615860855e+00
8.232955523787779839e+00
2.317023860854725559e+00
8.238109367669149918e+00
8.238109367669149918e+00
8.243458025831795766e+00
8.238109367669149918e+00
8.238109367669149918e+00
8.243458025831795766e+00
8.243458025831795766e+00
8.243458025831795766e+00
8.249001119322572961e+00
8.249001119322572961e+00
8.249001119322572961e+00
8.249001119322572961e+00
8.254738256448922229e+00
8.254738256448922229e+00
8.254738256448922229e+00
8.254738256448922229e+00
8.260669032913719789e+00
8.260669032913719789e+00
8.260669032913719789e+00
8.260669032913719789e+00
8.260669032913719789e+00
8.260669032913719789e+00
8.260669032913719789e+00
8.266793031953799442e+00
8.266793031953799442e+00
8.266793031953799442e+00
8.266793031953799442e+00
8.266793031953799442e+00
8.266793031953799442e+00
8.266793031953799442e+00
8.266793031953799442e+00
8.266793031953799442e+00
8.266793031953799442e+00
8.266793031953799442e+00
8.266793031953799442e+00
8.266793031953799442e+00
8.266793031953799442e+00
8.266793031953799442e+00
8.266793031953799442e+00
8.266793031953799442e+00
8.266793031953799442e+00
8.266793031953799442e+00
8.266793031953799442e+00
8.266793031953799442e+00
8.260669032913719789e+00
8.260669032913719789e+00
8.266793031953799442e+00
8.260669032913719789e+00
8.260669032913719789e+00
8.260669032913719789e+00
8.266793031953799442e+00
8.266793031953799442e+00
8.266793031953799442e+00
8.273109824482089536e+00
8.273109824482089536e+00
8.273109824482089536e+00
8.279618969233196069e+00
8.286320012912380406e+00
8.286320012912380406e+00
8.293212490347766419e+00
8.293212490347766419e+00
8.300295924645707757e+00
8.307569827349153613e+00
8.307569827349153613e+00
8.315033698598933043e+00
8.322687027297831719e+00
8.330529291277315451e+00
8.330529291277315451e+00
8.338559957466815220e+00
8.338559957466815220e+00
8.338559957466815220e+00
8.338559957466815220e+00
8.346778482065435156e+00
8.355184310715957352e+00
2.418080755481379018e+00
8.363776878681040472e+00
8.355184310715957352e+00
8.355184310715957352e+00
8.346778482065435156e+00
2.431381533667695827e+00
2.400977379937773826e+00
2.415889439551320628e+00
8.330529291277315451e+00
8.330529291277315451e+00
8.322687027297831719e+00
8.322687027297831719e+00
8.315033698598933043e+00
2.415889439551320628e+00
2.415889439551320628e+00
8.293212490347766419e+00
8.293212490347766419e+00
8.286320012912380406e+00
8.279618969233196069e+00
8.279618969233196069e+00
8.273109824482089536e+00
8.273109824482089536e+00
8.266793031953799442e+00
8.266793031953799442e+00
8.266793031953799442e+00
2.386656227187330614e+00
8.260669032913719789e+00
2.386656227187330614e+00
8.249001119322572961e+00
8.254738256448922229e+00
2.435727600265677584e+00
8.260669032913719789e+00
8.260669032913719789e+00
2.439895726208777926e+00
2.445385569070801068e+00
2.445385569070801068e+00
8.390669219145017621e+00
8.390669219145017621e+00
8.466598940701725695e+00
8.390669219145017621e+00
8.390669219145017621e+00
8.466598940701725695e+00
8.466598940701725695e+00
8.466598940701725695e+00
8.466598940701725695e+00
8.466598940701725695e+00
8.390669219145017621e+00
8.390669219145017621e+00
8.390669219145017621e+00
8.390669219145017621e+00
8.390669219145017621e+00
8.390669219145017621e+00
8.390669219145017621e+00
8.390669219145017621e+00
8.390669219145017621e+00
8.390669219145017621e+00
8.390669219145017621e+00
8.390669219145017621e+00
8.390669219145017621e+00
8.390669219145017621e+00
8.390669219145017621e+00
8.390669219145017621e+00
8.390669219145017621e+00
8.390669219145017621e+00
8.390669219145017621e+00
8.466598940701725695e+00
8.466598940701725695e+00
8.466598940701725695e+00
8.466598940701725695e+00
8.466598940701725695e+00
8.466598940701725695e+00
2.418080755481379018e+00
8.466598940701725695e+00
2.400977379937773826e+00
2.399444074090729018e+00
2.399444074090729018e+00
2.399444074090729018e+00
2.399444074090729018e+00
2.384429168485903805e+00
8.330529291277315451e+00
8.330529291277315451e+00
8.330529291277315451e+00
2.384429168485903805e+00
2.384429168485903805e+00
2.370008022628949274e+00
2.370008022628949274e+00
8.322687027297831719e+00
2.399444074090729018e+00
2.399444074090729018e+00
2.399444074090729018e+00
2.399444074090729018e+00
2.399444074090729018e+00
2.399444074090729018e+00
8.307569827349153613e+00
8.307569827349153613e+00
8.300295924645707757e+00
8.300295924645707757e+00
8.300295924645707757e+00
8.300295924645707757e+00
8.300295924645707757e+00
8.300295924645707757e+00
8.300295924645707757e+00
8.300295924645707757e+00
8.293212490347766419e+00
8.293212490347766419e+00
8.300295924645707757e+00
8.300295924645707757e+00
8.300295924645707757e+00
8.300295924645707757e+00
8.300295924645707757e+00
2.338231415161319049e+00
8.293212490347766419e+00
8.293212490347766419e+00
8.293212490347766419e+00
8.286320012912380406e+00
8.286320012912380406e+00
8.286320012912380406e+00
8.286320012912380406e+00
8.286320012912380406e+00
8.286320012912380406e+00
8.286320012912380406e+00
8.293212490347766419e+00
8.293212490347766419e+00
8.300295924645707757e+00
8.307569827349153613e+00
8.307569827349153613e+00
8.307569827349153613e+00
8.307569827349153613e+00
8.307569827349153613e+00
8.300295924645707757e+00
8.300295924645707757e+00
8.300295924645707757e+00
8.300295924645707757e+00
8.293212490347766419e+00
8.293212490347766419e+00
8.293212490347766419e+00
8.293212490347766419e+00
8.293212490347766419e+00
8.286320012912380406e+00
8.286320012912380406e+00
8.286320012912380406e+00
8.286320012912380406e+00
8.286320012912380406e+00
8.286320012912380406e+00
8.286320012912380406e+00
8.286320012912380406e+00
8.293212490347766419e+00
8.293212490347766419e+00
8.293212490347766419e+00
8.293212490347766419e+00
8.293212490347766419e+00
8.293212490347766419e+00
8.293212490347766419e+00
8.286320012912380406e+00
8.293212490347766419e+00
8.293212490347766419e+00
8.293212490347766419e+00
8.293212490347766419e+00
8.286320012912380406e+00
8.293212490347766419e+00
8.293212490347766419e+00
8.293212490347766419e+00
8.300295924645707757e+00
8.307569827349153613e+00
8.307569827349153613e+00
8.307569827349153613e+00
8.315033698598933043e+00
8.315033698598933043e+00
8.322687027297831719e+00
8.322687027297831719e+00
8.322687027297831719e+00
8.330529291277315451e+00
8.322687027297831719e+00
8.315033698598933043e+00
8.322687027297831719e+00
8.322687027297831719e+00
8.330529291277315451e+00
8.330529291277315451e+00
8.330529291277315451e+00
8.330529291277315451e+00
8.330529291277315451e+00
8.330529291277315451e+00
8.330529291277315451e+00
8.330529291277315451e+00
8.330529291277315451e+00
8.330529291277315451e+00
8.330529291277315451e+00
8.330529291277315451e+00
8.330529291277315451e+00
8.330529291277315451e+00
8.330529291277315451e+00
8.315033698598933043e+00
8.322687027297831719e+00
8.330529291277315451e+00
8.330529291277315451e+00
8.330529291277315451e+00
8.330529291277315451e+00
8.330529291277315451e+00
8.330529291277315451e+00
8.330529291277315451e+00
8.330529291277315451e+00
8.330529291277315451e+00
8.330529291277315451e+00
8.485281374238569541e+00
8.485281374238569541e+00
8.485281374238569541e+00
8.485281374238569541e+00
8.485281374238569541e+00
8.485281374238569541e+00
8.485281374238569541e+00
8.485281374238569541e+00
8.485281374238569541e+00
8.485281374238569541e+00
8.485281374238569541e+00
8.485281374238569541e+00
8.485281374238569541e+00
8.485281374238569541e+00
8.485281374238569541e+00
8.485281374238569541e+00
8.485281374238569541e+00
8.485281374238569541e+00
8.485281374238569541e+00
8.485281374238569541e+00
8.485281374238569541e+00
8.485281374238569541e+00
8.485281374238569541e+00
8.485281374238569541e+00
8.485281374238569541e+00
8.485281374238569541e+00
8.485281374238569541e+00
8.485281374238569541e+00
8.485281374238569541e+00
8.485281374238569541e+00
8.485281374238569541e+00
8.485281374238569541e+00
8.485281374238569541e+00
8.177246738806635662e+00
8.485281374238569541e+00
8.485281374238569541e+00
8.485281374238569541e+00
8.485281374238569541e+00
8.485281374238569541e+00
8.485281374238569541e+00
8.485281374238569541e+00
8.485281374238569541e+00
8.171255413855661232e+00
8.172454030230889899e+00
8.171255413855661232e+00
8.172454030230889899e+00
8.172454030230889899e+00
8.172454030230889899e+00
8.172454030230889899e+00
8.173852193853932135e+00
8.175449802345207573e+00
8.177246738806635662e+00
8.485281374238569541e+00
8.485281374238569541e+00
8.485281374238569541e+00
8.485281374238569541e+00
8.485281374238569541e+00
8.485281374238569541e+00
8.485281374238569541e+00
8.485281374238569541e+00
8.485281374238569541e+00
8.485281374238569541e+00
8.485281374238569541e+00
8.485281374238569541e+00
8.485281374238569541e+00
8.485281374238569541e+00
8.485281374238569541e+00
8.485281374238569541e+00
8.485281374238569541e+00
8.485281374238569541e+00
8.485281374238569541e+00
8.485281374238569541e+00
8.485281374238569541e+00
8.485281374238569541e+00
8.485281374238569541e+00
8.485281374238569541e+00
8.485281374238569541e+00
8.485281374238569541e+00
8.485281374238569541e+00
8.485281374238569541e+00
8.485281374238569541e+00
8.485281374238569541e+00
8.485281374238569541e+00
8.485281374238569541e+00
8.485281374238569541e+00
8.485281374238569541e+00
8.485281374238569541e+00
8.485281374238569541e+00
8.485281374238569541e+00
8.485281374238569541e+00
8.485281374238569541e+00
8.485281374238569541e+00
8.485281374238569541e+00
8.485281374238569541e+00
8.485281374238569541e+00
8.485281374238569541e+00
8.485281374238569541e+00
8.485281374238569541e+00
8.485281374238569541e+00
8.485281374238569541e+00
8.485281374238569541e+00
8.485281374238569541e+00
8.485281374238569541e+00
8.485281374238569541e+00
8.485281374238569541e+00
8.485281374238569541e+00
8.485281374238569541e+00
8.485281374238569541e+00
8.485281374238569541e+00
8.485281374238569541e+00
8.485281374238569541e+00
8.485281374238569541e+00
8.485281374238569541e+00
8.485281374238569541e+00
8.485281374238569541e+00
8.485281374238569541e+00
8.485281374238569541e+00
8.485281374238569541e+00
8.485281374238569541e+00
8.485281374238569541e+00
8.485281374238569541e+00
8.485281374238569541e+00
8.485281374238569541e+00
8.485281374238569541e+00
8.485281374238569541e+00
8.485281374238569541e+00
8.485281374238569541e+00
8.485281374238569541e+00
8.485281374238569541e+00
8.485281374238569541e+00
8.485281374238569541e+00
8.485281374238569541e+00
8.485281374238569541e+00
8.485281374238569541e+00
8.485281374238569541e+00
8.485281374238569541e+00
8.485281374238569541e+00
8.485281374238569541e+00
8.485281374238569541e+00
8.485281374238569541e+00
8.485281374238569541e+00
8.485281374238569541e+00
8.485281374238569541e+00
8.485281374238569541e+00
8.485281374238569541e+00
8.485281374238569541e+00
8.485281374238569541e+00
8.485281374238569541e+00
8.485281374238569541e+00
8.485281374238569541e+00
8.485281374238569541e+00
8.485281374238569541e+00
8.485281374238569541e+00
8.485281374238569541e+00
8.485281374238569541e+00
8.485281374238569541e+00
8.485281374238569541e+00
8.485281374238569541e+00
8.485281374238569541e+00
8.485281374238569541e+00
8.485281374238569541e+00
8.485281374238569541e+00
8.485281374238569541e+00
8.485281374238569541e+00
8.485281374238569541e+00
8.485281374238569541e+00
8.485281374238569541e+00
8.485281374238569541e+00
8.485281374238569541e+00
8.485281374238569541e+00
8.485281374238569541e+00
8.485281374238569541e+00
8.485281374238569541e+00
8.485281374238569541e+00
8.485281374238569541e+00
8.485281374238569541e+00
8.485281374238569541e+00
8.485281374238569541e+00
8.485281374238569541e+00
8.485281374238569541e+00
8.485281374238569541e+00
8.485281374238569541e+00
8.485281374238569541e+00
8.485281374238569541e+00
8.485281374238569541e+00
8.485281374238569541e+00
8.485281374238569541e+00
8.485281374238569541e+00
8.485281374238569541e+00
8.485281374238569541e+00
8.485281374238569541e+00
8.485281374238569541e+00
8.485281374238569541e+00
8.485281374238569541e+00
8.485281374238569541e+00
8.485281374238569541e+00
8.485281374238569541e+00
8.485281374238569541e+00
8.485281374238569541e+00
8.485281374238569541e+00
8.485281374238569541e+00
8.485281374238569541e+00
8.485281374238569541e+00
8.485281374238569541e+00
8.485281374238569541e+00
8.485281374238569541e+00
8.485281374238569541e+00
8.485281374238569541e+00
8.485281374238569541e+00
8.485281374238569541e+00
8.485281374238569541e+00
8.485281374238569541e+00
8.485281374238569541e+00
8.485281374238569541e+00
8.485281374238569541e+00
8.485281374238569541e+00
8.485281374238569541e+00
8.485281374238569541e+00
8.485281374238569541e+00
8.485281374238569541e+00
8.485281374238569541e+00
8.485281374238569541e+00
8.485281374238569541e+00
8.485281374238569541e+00
8.485281374238569541e+00
8.485281374238569541e+00
8.485281374238569541e+00
8.485281374238569541e+00
8.485281374238569541e+00
8.485281374238569541e+00
8.485281374238569541e+00
8.485281374238569541e+00
8.485281374238569541e+00
8.485281374238569541e+00
8.485281374238569541e+00
8.485281374238569541e+00
8.485281374238569541e+00
8.485281374238569541e+00
8.485281374238569541e+00
8.485281374238569541e+00
8.485281374238569541e+00
8.485281374238569541e+00
8.485281374238569541e+00
8.485281374238569541e+00
8.485281374238569541e+00
8.485281374238569541e+00
8.485281374238569541e+00
8.485281374238569541e+00
8.414959883555765074e+00
8.407002197597739368e+00
8.391647817110758467e+00
8.391647817110758467e+00
8.350108612798157637e+00
8.350108612798157637e+00
8.326222861788469487e+00
8.320731211932914206e+00
8.343850113151829007e+00
8.337782711783965794e+00
8.331906826175224268e+00
8.320731211932914206e+00
8.320731211932914206e+00
8.320731211932914206e+00
8.320731211932914206e+00
8.343850113151829007e+00
8.331906826175224268e+00
8.320731211932914206e+00
8.320731211932914206e+00
8.320731211932914206e+00
8.315432257631718116e+00
8.315432257631718116e+00
8.310326367493132693e+00
8.315432257631718116e+00
8.315432257631718116e+00
8.315432257631718116e+00
8.315432257631718116e+00
8.320731211932914206e+00
8.320731211932914206e+00
8.315432257631718116e+00
8.315432257631718116e+00
8.315432257631718116e+00
8.310326367493132693e+00
8.310326367493132693e+00
8.315432257631718116e+00
8.315432257631718116e+00
8.315432257631718116e+00
8.315432257631718116e+00
8.320731211932914206e+00
8.326222861788469487e+00
8.326222861788469487e+00
8.326222861788469487e+00
8.331906826175224268e+00
8.331906826175224268e+00
8.331906826175224268e+00
8.331906826175224268e+00
8.331906826175224268e+00
8.326222861788469487e+00
8.331906826175224268e+00
8.331906826175224268e+00
8.331906826175224268e+00
8.331906826175224268e+00
8.331906826175224268e+00
8.337782711783965794e+00
8.337782711783965794e+00
8.343850113151829007e+00
8.350108612798157637e+00
8.350108612798157637e+00
8.356557781363692428e+00
8.370026349280157874e+00
8.370026349280157874e+00
8.370026349280157874e+00
8.377044831817128667e+00
8.391647817110758467e+00
8.391647817110758467e+00
8.475849003189285469e+00
8.475849003189285469e+00
8.377044831817128667e+00
8.377044831817128667e+00
8.377044831817128667e+00
8.377044831817128667e+00
8.384252149945512045e+00
8.391647817110758467e+00
8.391647817110758467e+00
8.377044831817128667e+00
8.377044831817128667e+00
8.377044831817128667e+00
8.377044831817128667e+00
8.377044831817128667e+00
8.377044831817128667e+00
8.377044831817128667e+00
8.377044831817128667e+00
8.384252149945512045e+00
8.384252149945512045e+00
8.384252149945512045e+00
8.384252149945512045e+00
8.391647817110758467e+00
8.391647817110758467e+00
8.384252149945512045e+00
8.384252149945512045e+00
8.384252149945512045e+00
8.384252149945512045e+00
8.399231335779216323e+00
8.437915404012287013e+00
8.437915404012287013e+00
8.391647817110758467e+00
8.384252149945512045e+00
8.384252149945512045e+00
8.384252149945512045e+00
8.407002197597739368e+00
8.475849003189285469e+00
8.475849003189285469e+00
8.475849003189285469e+00
8.475849003189285469e+00
8.475849003189285469e+00
8.475849003189285469e+00
8.475849003189285469e+00
8.475849003189285469e+00
8.475849003189285469e+00
8.475849003189285469e+00
8.475849003189285469e+00
8.475849003189285469e+00
8.475849003189285469e+00
8.475849003189285469e+00
8.475849003189285469e+00
8.475849003189285469e+00
8.475849003189285469e+00
8.475849003189285469e+00
8.475849003189285469e+00
8.439948539768680646e+00
8.475849003189285469e+00
8.475849003189285469e+00
8.475849003189285469e+00
8.475849003189285469e+00
8.475849003189285469e+00
8.475849003189285469e+00
8.475849003189285469e+00
8.475849003189285469e+00
8.475849003189285469e+00
8.475849003189285469e+00
8.475849003189285469e+00
8.475849003189285469e+00
8.475849003189285469e+00
8.475849003189285469e+00
8.448648124832214279e+00
8.448648124832214279e+00
8.448648124832214279e+00
8.423103864149751985e+00
8.423103864149751985e+00
8.431433599549841063e+00
8.439948539768680646e+00
8.448648124832214279e+00
8.457531784952408316e+00
8.431433599549841063e+00
8.423103864149751985e+00
8.439948539768680646e+00
8.448648124832214279e+00
8.475849003189285469e+00
8.475849003189285469e+00
8.475849003189285469e+00
8.475849003189285469e+00
8.475849003189285469e+00
8.475849003189285469e+00
8.475849003189285469e+00
8.475849003189285469e+00
8.475849003189285469e+00
8.475849003189285469e+00
8.475849003189285469e+00
8.485281374238569541e+00
8.475849003189285469e+00
8.475849003189285469e+00
8.475849003189285469e+00
8.475849003189285469e+00
8.475849003189285469e+00
8.485281374238569541e+00
8.485281374238569541e+00
8.485281374238569541e+00
8.485281374238569541e+00
8.485281374238569541e+00
8.485281374238569541e+00
8.485281374238569541e+00
8.485281374238569541e+00
8.485281374238569541e+00
8.485281374238569541e+00
8.485281374238569541e+00
8.485281374238569541e+00
8.485281374238569541e+00
8.485281374238569541e+00
8.485281374238569541e+00
8.485281374238569541e+00
8.485281374238569541e+00
8.485281374238569541e+00
8.485281374238569541e+00
8.485281374238569541e+00
8.485281374238569541e+00
8.485281374238569541e+00
8.485281374238569541e+00
8.485281374238569541e+00
8.485281374238569541e+00
8.485281374238569541e+00
8.485281374238569541e+00
8.485281374238569541e+00
8.485281374238569541e+00
8.485281374238569541e+00
8.485281374238569541e+00
8.485281374238569541e+00
8.485281374238569541e+00
8.485281374238569541e+00
8.485281374238569541e+00
8.485281374238569541e+00
8.485281374238569541e+00
8.485281374238569541e+00
8.485281374238569541e+00
8.485281374238569541e+00
8.485281374238569541e+00
8.485281374238569541e+00
8.485281374238569541e+00
8.485281374238569541e+00
8.485281374238569541e+00
8.485281374238569541e+00
8.485281374238569541e+00
8.485281374238569541e+00
8.485281374238569541e+00
8.485281374238569541e+00
8.485281374238569541e+00
8.485281374238569541e+00
8.485281374238569541e+00
8.475849003189285469e+00
8.475849003189285469e+00
8.475849003189285469e+00
8.475849003189285469e+00
8.475849003189285469e+00
8.475849003189285469e+00
8.475849003189285469e+00
8.475849003189285469e+00
8.475849003189285469e+00
8.475849003189285469e+00
8.475849003189285469e+00
8.475849003189285469e+00
8.475849003189285469e+00
8.475849003189285469e+00
8.475849003189285469e+00
8.439948539768680646e+00
8.391647817110758467e+00
8.377044831817128667e+00
8.370026349280157874e+00
8.363197177753022515e+00
8.356557781363692428e+00
8.356557781363692428e+00
8.356557781363692428e+00
8.356557781363692428e+00
8.350108612798157637e+00
8.343850113151829007e+00
8.337782711783965794e+00
8.331906826175224268e+00
8.331906826175224268e+00
8.326222861788469487e+00
8.320731211932914206e+00
8.326222861788469487e+00
8.326222861788469487e+00
8.320731211932914206e+00
8.320731211932914206e+00
8.315432257631718116e+00
8.310326367493132693e+00
8.305413897585300020e+00
8.305413897585300020e+00
8.300695191314787280e+00
8.305413897585300020e+00
8.305413897585300020e+00
8.305413897585300020e+00
8.300695191314787280e+00
8.296170579308970616e+00
8.296170579308970616e+00
8.296170579308970616e+00
8.296170579308970616e+00
8.300695191314787280e+00
8.305413897585300020e+00
8.310326367493132693e+00
8.320731211932914206e+00
8.320731211932914206e+00
8.326222861788469487e+00
8.331906826175224268e+00
8.337782711783965794e+00
8.370026349280157874e+00
8.356557781363692428e+00
8.356557781363692428e+00
8.377044831817128667e+00
8.363197177753022515e+00
8.356557781363692428e+00
8.350108612798157637e+00
8.350108612798157637e+00
8.356557781363692428e+00
8.391647817110758467e+00
8.391647817110758467e+00
8.391647817110758467e+00
8.337782711783965794e+00
8.337782711783965794e+00
8.337782711783965794e+00
8.331906826175224268e+00
8.331906826175224268e+00
8.331906826175224268e+00
8.331906826175224268e+00
8.326222861788469487e+00
8.320731211932914206e+00
8.320731211932914206e+00
8.315432257631718116e+00
8.305413897585300020e+00
8.305413897585300020e+00
8.300695191314787280e+00
8.315432257631718116e+00
8.310326367493132693e+00
8.305413897585300020e+00
8.305413897585300020e+00
8.310326367493132693e+00
8.315432257631718116e+00
8.315432257631718116e+00
8.310326367493132693e+00
8.315432257631718116e+00
8.326222861788469487e+00
8.370026349280157874e+00
8.391647817110758467e+00
8.391647817110758467e+00
8.399231335779216323e+00
8.363197177753022515e+00
8.370026349280157874e+00
8.356557781363692428e+00
8.350108612798157637e+00
8.356557781363692428e+00
8.414959883555765074e+00
8.485281374238569541e+00
8.485281374238569541e+00
8.485281374238569541e+00
8.485281374238569541e+00
8.485281374238569541e+00
8.414959883555765074e+00
8.423103864149751985e+00
8.485281374238569541e+00
8.485281374238569541e+00
8.485281374238569541e+00
8.485281374238569541e+00
8.485281374238569541e+00
8.485281374238569541e+00
8.485281374238569541e+00
8.485281374238569541e+00
8.485281374238569541e+00
8.485281374238569541e+00
8.485281374238569541e+00
8.485281374238569541e+00
8.485281374238569541e+00
8.485281374238569541e+00
8.485281374238569541e+00
8.485281374238569541e+00
8.485281374238569541e+00
8.485281374238569541e+00
8.485281374238569541e+00
8.485281374238569541e+00
8.485281374238569541e+00
8.485281374238569541e+00
8.485281374238569541e+00
8.485281374238569541e+00
8.485281374238569541e+00
8.485281374238569541e+00
8.485281374238569541e+00
8.485281374238569541e+00
8.485281374238569541e+00
8.485281374238569541e+00
8.485281374238569541e+00
8.485281374238569541e+00
8.485281374238569541e+00
8.485281374238569541e+00
8.485281374238569541e+00
8.485281374238569541e+00
8.485281374238569541e+00
8.485281374238569541e+00
8.485281374238569541e+00
8.485281374238569541e+00
8.485281374238569541e+00
8.485281374238569541e+00
8.485281374238569541e+00
8.485281374238569541e+00
8.485281374238569541e+00
8.485281374238569541e+00
8.485281374238569541e+00
8.485281374238569541e+00
8.485281374238569541e+00
8.485281374238569541e+00
8.485281374238569541e+00
8.485281374238569541e+00
8.485281374238569541e+00
8.485281374238569541e+00
8.485281374238569541e+00
8.485281374238569541e+00
8.485281374238569541e+00
8.485281374238569541e+00
8.485281374238569541e+00
8.485281374238569541e+00
8.485281374238569541e+00
8.485281374238569541e+00
8.485281374238569541e+00
8.485281374238569541e+00
8.485281374238569541e+00
8.485281374238569541e+00
8.485281374238569541e+00
8.485281374238569541e+00
8.485281374238569541e+00
8.485281374238569541e+00
8.485281374238569541e+00
8.485281374238569541e+00
8.485281374238569541e+00
8.485281374238569541e+00
8.485281374238569541e+00
8.485281374238569541e+00
8.485281374238569541e+00
8.485281374238569541e+00
8.485281374238569541e+00
8.485281374238569541e+00
8.485281374238569541e+00
8.485281374238569541e+00
8.485281374238569541e+00
8.485281374238569541e+00
8.485281374238569541e+00
8.485281374238569541e+00
8.485281374238569541e+00
8.485281374238569541e+00
8.485281374238569541e+00
8.485281374238569541e+00
8.485281374238569541e+00
8.485281374238569541e+00
8.485281374238569541e+00
8.485281374238569541e+00
8.485281374238569541e+00
8.485281374238569541e+00
8.485281374238569541e+00
8.485281374238569541e+00
8.485281374238569541e+00
8.485281374238569541e+00
8.485281374238569541e+00
8.485281374238569541e+00
8.485281374238569541e+00
8.485281374238569541e+00
8.485281374238569541e+00
8.485281374238569541e+00
8.485281374238569541e+00
8.485281374238569541e+00
8.485281374238569541e+00
8.485281374238569541e+00
8.485281374238569541e+00
8.485281374238569541e+00
8.485281374238569541e+00
8.485281374238569541e+00
8.485281374238569541e+00
8.485281374238569541e+00
8.485281374238569541e+00
8.485281374238569541e+00
8.485281374238569541e+00
8.485281374238569541e+00
8.485281374238569541e+00
8.485281374238569541e+00
8.485281374238569541e+00
8.485281374238569541e+00
8.485281374238569541e+00
8.485281374238569541e+00
8.485281374238569541e+00
8.485281374238569541e+00
8.485281374238569541e+00
8.485281374238569541e+00
8.485281374238569541e+00
8.485281374238569541e+00
8.485281374238569541e+00
8.485281374238569541e+00
8.485281374238569541e+00
8.485281374238569541e+00
8.485281374238569541e+00
8.485281374238569541e+00
8.485281374238569541e+00
8.485281374238569541e+00
8.485281374238569541e+00
8.485281374238569541e+00
8.485281374238569541e+00
8.485281374238569541e+00
8.485281374238569541e+00
8.485281374238569541e+00
8.485281374238569541e+00
8.485281374238569541e+00
8.485281374238569541e+00
8.485281374238569541e+00
8.485281374238569541e+00
8.485281374238569541e+00
8.485281374238569541e+00
8.485281374238569541e+00
8.485281374238569541e+00
8.485281374238569541e+00
8.485281374238569541e+00
8.485281374238569541e+00
8.485281374238569541e+00
8.485281374238569541e+00
8.485281374238569541e+00
8.485281374238569541e+00
8.485281374238569541e+00
8.485281374238569541e+00
8.485281374238569541e+00
8.485281374238569541e+00
8.485281374238569541e+00
8.485281374238569541e+00
8.485281374238569541e+00
8.485281374238569541e+00
8.485281374238569541e+00
8.485281374238569541e+00
8.485281374238569541e+00
8.485281374238569541e+00
8.485281374238569541e+00
8.485281374238569541e+00
8.485281374238569541e+00
8.485281374238569541e+00
8.485281374238569541e+00
8.485281374238569541e+00
8.485281374238569541e+00
8.485281374238569541e+00
8.485281374238569541e+00
8.485281374238569541e+00
8.485281374238569541e+00
8.485281374238569541e+00
8.485281374238569541e+00
8.485281374238569541e+00
8.485281374238569541e+00
8.485281374238569541e+00
8.485281374238569541e+00
8.485281374238569541e+00
8.485281374238569541e+00
8.485281374238569541e+00
8.485281374238569541e+00
8.485281374238569541e+00
8.485281374238569541e+00
8.485281374238569541e+00
8.485281374238569541e+00
8.485281374238569541e+00
8.485281374238569541e+00
8.485281374238569541e+00
8.485281374238569541e+00
8.485281374238569541e+00
8.485281374238569541e+00
8.485281374238569541e+00
8.485281374238569541e+00
8.485281374238569541e+00
