# Maximum of second term in the reconnection rate during the 2023/10/10 - 2023/10/11 storm
3.799816214704465628e-05
4.370410569076216598e-05
4.077173821365853007e-05
3.748620532195335469e-05
4.020840617802860816e-05
3.803185632948278286e-05
4.035754821855843999e-05
3.264286276941961800e-05
2.788641153827938669e-05
2.859504863796289261e-05
3.621824920551225548e-05
4.273285755518490040e-05
3.871522164436892613e-05
4.082621804057576633e-05
4.352451130080755919e-05
3.922689754686520670e-05
5.850807228423959133e-05
2.598226842051162700e-05
2.861502020207690536e-05
4.725709227872602029e-05
4.535227737782090269e-05
4.616273090497020388e-05
1.442797439352233525e-04
1.867406925218306974e-04
2.059397474389280328e-04
1.687067300780810191e-04
1.680338913656837332e-04
1.672084842940617648e-04
1.669089393472690855e-04
1.664814671327645521e-04
1.692906011253711874e-04
1.679406992464412343e-04
1.763892642736298569e-04
1.744258542100296126e-04
1.795657268421270057e-04
1.828222659285844566e-04
1.861139558755384019e-04
1.901744203811245630e-04
1.815364054958756379e-04
1.496059652654457546e-04
1.394916366072835678e-04
1.731912286283182113e-04
1.700732060773122746e-04
1.644946007247755342e-04
1.579606597740645501e-04
1.517534777471231616e-04
1.547418493645377291e-04
1.518238171545876071e-04
1.299736086169497222e-04
1.318918601874100721e-04
1.281929795006697638e-04
1.198604027845604191e-04
1.119685076738295389e-04
1.098247820367343586e-04
1.090122514507647705e-04
1.069216893579871992e-04
1.159496227011155492e-04
1.197615065924151329e-04
1.236678199184080640e-04
1.288877954694422163e-04
1.339349295785307638e-04
1.374873132258663800e-04
1.516409444406830267e-04
1.638183326629831071e-04
1.685223542511977632e-04
1.592653314962162064e-04
1.598239744859002490e-04
1.459206039068311575e-04
1.597331363605793055e-04
1.695430773416103563e-04
1.791975711586934735e-04
1.911174068858398876e-04
1.953511435233801045e-04
1.921490157501728059e-04
1.994187757406099936e-04
2.110945036893902406e-04
2.149504444538155687e-04
1.857350797312556652e-04
1.742584282851730845e-04
1.671549281229550428e-04
1.571716420906397213e-04
1.507680153061758321e-04
1.558472752581049382e-04
1.645040966894010018e-04
1.664575409001244771e-04
1.688164080376282263e-04
1.764041667108296168e-04
1.825264458734851807e-04
1.823847899413196666e-04
1.766656404603082992e-04
1.701383939259852726e-04
1.637112314338653768e-04
1.629874845156833692e-04
1.627011643883352599e-04
1.601374993899688868e-04
1.565397712646808645e-04
1.580092253921348041e-04
1.591288120559999702e-04
1.589415304133424338e-04
1.524747336188223110e-04
1.449531883873978507e-04
1.369326953577866329e-04
1.249326898676425741e-04
1.102188228565363480e-04
1.016307179290517801e-04
9.270985559557559934e-05
8.928613089092270574e-05
9.142007455407133345e-05
9.246251763441358724e-05
9.289534673983016431e-05
9.333911293000289578e-05
9.374273666997256604e-05
9.336669961355940027e-05
9.286128923837754282e-05
9.304863371703611652e-05
9.349949654481475340e-05
9.415068683512649111e-05
9.474382764993737895e-05
8.788317827467519931e-05
8.719313859283729694e-05
8.934828308523785369e-05
8.835644736825284083e-05
9.005147336283988795e-05
8.643711926858938877e-05
8.625682032278431902e-05
8.950564841640346059e-05
7.930853754846584351e-05
7.319655926462089661e-05
8.050097699905308930e-05
8.463424661747687725e-05
7.178731590954740482e-05
8.888686016941059584e-05
6.510650533469194805e-05
7.029627000027791940e-05
7.563776908259713507e-05
7.383687732109893648e-05
7.015815680013643438e-05
7.370525587792990121e-05
7.479138800876458605e-05
6.446273529061887213e-05
7.462841234774323523e-05
6.915196301007584662e-05
7.608237309811423322e-05
7.978262183434018046e-05
7.694257425620460995e-05
7.902273865789570322e-05
8.242777474911944799e-05
8.611456201846176735e-05
8.991412583515824531e-05
9.367055123899976161e-05
9.748579991928809491e-05
9.926003262502275479e-05
1.015846012852400721e-04
1.039181464836190478e-04
1.066250924930223318e-04
1.084609711809918296e-04
1.100394096053863060e-04
1.109870027901752358e-04
1.117003766313794089e-04
1.127547299327317961e-04
1.131415872305825942e-04
1.141530167718274736e-04
1.144694817191788604e-04
1.146462597088372399e-04
1.154065600429658457e-04
1.158414008350047459e-04
1.155546345226164955e-04
1.155133295100785009e-04
1.149392740617761674e-04
1.147187682802729456e-04
1.150531072661599278e-04
1.147522092491776928e-04
1.144908208306843030e-04
1.138966549090508540e-04
1.122965120073479201e-04
1.110170301893734733e-04
1.102018765883610186e-04
1.089993322831458680e-04
1.075350350450852754e-04
1.060026581523612160e-04
1.043935059428219547e-04
1.030545766274310043e-04
1.021681088532102742e-04
1.013426785851835886e-04
1.004635668834411797e-04
9.992344117624665659e-05
9.953329552716713398e-05
9.984258659149094063e-05
9.798521776832212413e-05
1.059470787428791949e-04
1.034382984634804197e-04
1.010573750373416956e-04
9.911755153013141340e-05
9.640920535032450453e-05
9.403516394096494643e-05
9.212612559899717750e-05
9.224378531657544524e-05
9.055647422986492297e-05
8.239873019788324397e-05
7.523104998691880463e-05
7.383695876305962867e-05
7.281207741641565153e-05
7.249685276095454783e-05
7.292648015596334219e-05
7.763218429267055231e-05
7.385435100772360707e-05
7.242657938422533042e-05
7.130974429253159649e-05
7.021207852405154395e-05
6.902447866326623155e-05
6.908136390513753492e-05
7.131732895184313614e-05
7.214432455854440682e-05
6.997164328494744371e-05
6.769453338353188766e-05
6.662140567174238499e-05
6.528232355123639720e-05
6.986894359965732952e-05
6.972087261956600530e-05
6.778716723559170105e-05
8.277457151539775520e-05
7.031268596952105446e-05
6.758030583640141093e-05
7.087736662347770352e-05
7.091022947093808429e-05
6.879016351981645874e-05
6.886149477853640980e-05
6.636628773830835341e-05
7.520223468253991062e-05
7.293127580359739159e-05
6.830129667658901198e-05
7.148482944342690094e-05
7.338760272907199551e-05
7.197750581103347129e-05
7.434013391750861626e-05
7.583212606372338608e-05
7.120050306982651485e-05
7.130736472668987649e-05
7.187999274490004657e-05
7.272057078044891470e-05
7.901336135172046151e-05
7.349796756544281018e-05
7.854841746412675151e-05
6.194151808208505391e-05
6.272916056367435096e-05
6.504418646402654748e-05
6.488118530392075821e-05
6.340012526945001481e-05
6.759926656666312612e-05
6.511182513120224982e-05
6.589697902392573851e-05
7.688797254550837096e-05
8.616460120890988294e-05
7.127221449824664324e-05
7.738605378004253350e-05
8.561085203606832908e-05
7.683708789310747490e-05
7.726915539555191702e-05
7.480738702237423553e-05
7.164828197474779352e-05
8.130298494609862774e-05
1.314764449739190663e-04
1.870622732245153246e-04
2.073101025405638955e-04
1.595951376092336928e-04
1.824186969382948905e-04
2.178588528125477398e-04
3.564110286047346833e-04
4.133284979206998670e-04
3.352447942139873322e-04
2.894436592216819760e-04
3.240855648329526517e-04
2.709948159960986949e-04
2.277227395358711801e-04
2.048962322856938379e-04
1.883688139489914960e-04
2.199787125620420727e-04
1.831125083299718159e-04
1.574813946126226404e-04
1.388965571011233232e-04
1.249950816532159864e-04
1.160509004972216457e-04
1.081933568410317387e-04
1.013246657389195525e-04
9.710835573739000446e-05
9.265084296054972674e-05
8.130556554303416473e-05
8.396021027125439033e-05
8.147206324224994661e-05
7.840681271707002824e-05
8.787674696007816524e-05
9.020183282940525153e-05
8.810058727843814684e-05
8.078793580213277617e-05
7.754485530348142932e-05
7.773510551955124044e-05
7.722994791016366727e-05
7.854290094119519082e-05
7.846593511812591996e-05
7.620771770246372739e-05
7.730521336372712363e-05
7.597957224032352529e-05
8.665893927269514027e-05
8.932248964610500308e-05
8.152196194659732298e-05
8.430537163267508662e-05
8.958766682226416208e-05
7.742611088767131929e-05
8.028192346013080514e-05
7.934258390033064733e-05
8.142159205196298913e-05
7.996623736146835722e-05
7.861678260465167754e-05
8.300458463167890413e-05
8.647540149668348950e-05
8.695751830896877063e-05
8.717520632837757869e-05
8.953546313891017343e-05
9.108937074326700016e-05
9.110285007794002941e-05
8.697959134927150677e-05
8.754387348065847496e-05
8.883522566845554686e-05
8.945478556299941693e-05
8.660088003652609170e-05
8.912955146746059769e-05
8.789006792711070049e-05
7.524333355813994173e-05
8.482778722887944825e-05
8.593794961401005333e-05
8.607445521027068521e-05
8.695612406274106341e-05
8.900165050908616978e-05
8.992963655173819904e-05
9.038113093249244227e-05
9.087026656223843061e-05
9.009581584923301702e-05
8.965494258508822109e-05
8.948525845230373573e-05
9.068230911959614148e-05
9.254812676392267781e-05
9.345432122465476216e-05
9.329115763278124319e-05
9.472224960537054417e-05
9.615439260232733134e-05
9.690290706054184523e-05
9.737461311855660968e-05
9.932645129567703446e-05
9.906341391357418842e-05
9.933750896253429634e-05
1.015076223767886175e-04
9.816862374670631635e-05
9.803002428261244181e-05
9.637156619706661062e-05
9.626036666719925124e-05
9.976666437505553298e-05
1.003770701261857875e-04
1.013335018133165814e-04
1.005735437110621359e-04
9.984344144714057392e-05
9.919424381924901030e-05
9.970578204450753000e-05
1.019647420551457120e-04
1.025985047387157576e-04
1.021050922950572160e-04
1.015765629415023644e-04
1.008531379564816247e-04
1.002676357225136197e-04
1.009081464913548574e-04
1.027313711260607128e-04
1.032237107934228155e-04
1.057786205807213217e-04
1.064952336895926905e-04
1.102363969003215208e-04
1.070530559184172963e-04
1.121441418036294287e-04
1.137917060193712707e-04
1.073643652299269470e-04
1.084371179757477474e-04
1.093117014442029580e-04
1.118500544389989577e-04
1.145959815607841867e-04
1.174456251900789038e-04
1.185605227832148062e-04
1.188487723602863481e-04
1.208012922190181728e-04
1.218838254642942476e-04
1.228518120068101732e-04
1.242888596394724394e-04
1.263488009348218870e-04
1.268310694532455559e-04
1.265013136726919878e-04
1.293294247103810349e-04
1.314369617612090504e-04
1.317929234965659632e-04
1.322741261704226485e-04
1.320900231511916206e-04
1.325717440615729360e-04
1.403857344337221767e-04
1.410065704263506567e-04
1.412631557647554836e-04
1.416743119132708186e-04
1.402409531992120789e-04
1.379987877532087360e-04
1.370904588130800888e-04
1.431214528809965261e-04
1.455116519687491667e-04
1.375045555031720161e-04
1.302801844422806822e-04
1.310113551994120616e-04
1.305381995117777070e-04
1.293424392746419258e-04
1.290646025840351291e-04
1.344788479267991911e-04
1.358849114703104301e-04
1.410878977061721473e-04
1.301435529782310398e-04
1.297628999899925876e-04
1.307215484284648976e-04
1.351599124059481153e-04
1.359265491591317692e-04
1.388130804354839305e-04
1.422817038191791141e-04
1.506615053108548044e-04
1.489086800478470326e-04
1.504963034438299764e-04
1.543146370036545907e-04
1.534435835066491280e-04
1.477617353323142687e-04
1.186606382466250987e-04
1.239591700271962173e-04
1.279013307000798766e-04
1.427832195451134579e-04
1.456325431309833890e-04
1.453799206422276330e-04
1.522696410254608095e-04
1.593435710124337839e-04
1.629745187188415636e-04
1.489250625629988639e-04
1.439490013077188667e-04
1.505046701511474462e-04
1.582496341602089465e-04
1.623172911194229861e-04
1.618295201371998566e-04
1.638894171141807763e-04
1.705802286737981418e-04
1.732200377997688201e-04
1.761905616027339950e-04
1.723521063369760551e-04
1.755491645893530745e-04
1.857187070755289050e-04
2.053633563565736362e-04
2.095725862401239014e-04
2.139962236564537247e-04
2.052886907768100783e-04
2.069462928579289139e-04
2.205724682496450195e-04
2.218553541031356713e-04
2.655801038627601503e-04
2.666526784679046141e-04
3.660523544632346003e-04
3.593284114133109839e-04
3.873923558209207627e-04
3.812175735461408033e-04
3.803559887326099184e-04
3.794703896552023342e-04
3.732532385929480641e-04
3.493348317537085237e-04
3.334465074764859016e-04
3.251624927308057432e-04
3.417725218727939011e-04
3.543866358750200020e-04
3.574144878608942239e-04
3.589928629648797120e-04
3.689552262985031778e-04
3.698791400061592679e-04
3.702251674289526060e-04
3.762361465191784706e-04
4.100009828930040114e-04
4.149881078703406218e-04
4.195519380740419971e-04
4.235346593317880471e-04
4.296957344187757517e-04
4.325307192054848610e-04
4.320754702155050683e-04
4.318554086295394172e-04
4.335159685835448433e-04
4.361861461758324257e-04
4.358122632257153614e-04
4.367707693444636318e-04
4.415605249635081776e-04
4.540876545348275875e-04
4.674233510895168479e-04
4.811546506148163841e-04
4.954136330254225486e-04
5.007035689989432518e-04
5.270254020218404899e-04
4.939109436146324689e-04
4.603684497750966777e-04
4.530823043913807498e-04
4.692171757341821064e-04
4.811076169182273185e-04
4.955627353688914953e-04
5.268092199087204015e-04
5.807317127760343962e-04
5.883376765175845485e-04
5.462231599781216564e-04
5.614759419821942600e-04
5.720901363205330202e-04
5.602057024310673396e-04
5.710218854671256271e-04
5.810019646507761856e-04
5.457920296412866260e-04
5.550355309791195606e-04
6.229553286969923822e-04
6.360861135611522435e-04
6.540101500494023817e-04
6.881709196961430198e-04
7.313270970991733603e-04
7.545296761640972460e-04
7.723346565918752255e-04
8.086204812328725818e-04
8.280768188620093052e-04
8.971343792472019543e-04
8.592834708839096293e-04
8.542015431705587318e-04
9.669534057277792780e-04
9.830109088100821846e-04
9.874275250067671497e-04
9.912583086078812899e-04
1.000497327681846215e-03
1.017050282891113341e-03
1.071571496884763048e-03
1.090635445821310162e-03
1.141079503618729540e-03
1.247001562033441674e-03
1.251035006753206669e-03
1.280770957051856037e-03
1.341666686778813762e-03
1.380701372550229185e-03
1.335711216326305670e-03
1.381887043022420091e-03
1.419675935270056080e-03
1.412878212460489530e-03
1.413813216289711060e-03
1.413792139410390003e-03
1.444431590417362280e-03
1.472919231065079014e-03
1.478658494159942232e-03
1.488382056631919973e-03
1.505367817852519725e-03
1.532045832991590743e-03
1.540827288822865402e-03
1.493550888424988914e-03
1.456059337443766288e-03
1.481102374096541488e-03
1.506284945226180408e-03
1.566996842066567487e-03
1.636293805048138431e-03
1.704061742942517606e-03
1.737145166293204519e-03
1.790758149367611745e-03
1.846512763480924555e-03
1.881404731022426552e-03
1.911782483073460681e-03
1.897879353530072290e-03
1.932771105935684498e-03
1.983230586703896292e-03
2.015898182991892381e-03
1.931557504453972063e-03
1.855098044644182785e-03
1.791795614942926114e-03
1.738210201805647512e-03
1.691379721190167931e-03
1.711276925890287907e-03
1.718263792770610048e-03
1.576997497388678109e-03
1.269413935040503627e-03
1.070039704376904953e-03
1.133048136337678992e-03
1.149021024948099212e-03
1.287441405502464786e-03
1.306606382678279993e-03
1.392017541466938945e-03
1.417536281786121186e-03
1.483157648822648307e-03
1.514299474571169238e-03
1.423822376895685603e-03
1.421096266447472974e-03
1.442723573110375268e-03
1.598341882104826550e-03
1.618364422826262675e-03
1.499781612048767081e-03
1.522402432982512214e-03
1.710860123493417560e-03
1.940222505060875411e-03
1.977651818576002963e-03
1.968847185260568303e-03
2.043304393593151254e-03
2.007198486886851985e-03
2.129473695620214425e-03
2.689241137441037918e-03
2.841318885839149658e-03
2.991500472293804561e-03
3.026724287202802940e-03
3.050987710046745155e-03
3.205684397748230496e-03
3.821936383468057391e-03
3.493978061865855335e-03
3.819696637570525917e-03
4.310494784963995497e-03
4.699048975108601443e-03
5.214427522496561419e-03
5.658285395558551069e-03
5.899631725848219002e-03
6.146812324607816951e-03
6.611040478769677868e-03
7.092836478916265085e-03
7.556966092493113893e-03
8.021598728980325332e-03
8.519688979960707287e-03
9.420463656707973171e-03
9.975384716118081835e-03
9.881176500731891910e-03
1.004495394737126186e-02
1.079374575908355165e-02
1.111326795610464817e-02
1.211289707476559396e-02
1.244256586897456163e-02
1.270911097631193844e-02
1.344716330183089170e-02
1.364698934569454243e-02
1.183290464444063800e-02
1.203689554753160570e-02
1.410233182639542525e-02
1.424036264301493764e-02
1.417156076005956708e-02
1.396329815277957964e-02
1.418811217407739758e-02
1.551905315375296489e-02
1.594746805412445428e-02
1.598003217408965407e-02
1.619756856167291204e-02
1.737308992783108408e-02
1.784858933014217899e-02
1.821094914199177309e-02
1.755974846001839146e-02
1.786941142892096990e-02
1.946274726504813521e-02
1.966841503390094267e-02
1.869619661349081891e-02
1.939776741744922775e-02
1.984027893372662318e-02
2.036827068336731494e-02
2.068666991025557705e-02
2.241885395007224904e-02
2.286446984106772773e-02
2.335284604153870652e-02
2.381967180881688212e-02
2.571146756816930154e-02
2.621544403859755665e-02
2.674342987204203839e-02
2.481782201359607198e-02
2.534338405415622122e-02
2.581538127209302355e-02
2.704090959891485360e-02
2.934386082346061853e-02
3.072955592963595370e-02
3.224505890232013533e-02
3.285226624602741174e-02
3.954772111937272100e-02
4.064404321504903189e-02
4.809102194184404488e-02
4.993611993437135216e-02
4.159932101611427124e-02
4.364226789028102793e-02
4.504437398140444249e-02
5.052513773020784332e-02
5.204112886124747511e-02
5.033303316154430496e-02
5.162953053279393384e-02
4.372999146835040291e-02
5.218712392197846078e-02
6.396456316807294651e-02
6.957216034563010187e-02
7.889528997091783957e-02
9.064203064613804428e-02
9.719308622364161709e-02
1.042576452019398497e-01
8.784875589013192709e-02
8.449199724628644881e-02
8.067467413436900381e-02
8.093897206569379554e-02
7.578912531122787566e-02
7.790150608532132870e-02
7.967781099022686053e-02
7.899049638375274518e-02
8.157659995923095819e-02
9.334433378700472683e-02
9.639948804502318502e-02
9.851264577580529092e-02
9.806489738250026567e-02
1.017959491346358269e-01
1.106272047393297431e-01
1.206534412247615845e-01
1.260935045169820912e-01
1.368476987917467136e-01
1.278169804088714889e-01
1.349607104687930714e-01
1.248691212351159124e-01
1.254236855587080035e-01
1.475416931351000716e-01
1.532250119951977241e-01
1.400559430630085034e-01
1.397821699175982590e-01
1.435197674488845054e-01
1.591039133302484532e-01
1.588986410571417707e-01
1.725255264584457382e-01
1.869159786906073595e-01
2.037853864148696792e-01
2.226763335867221194e-01
2.420284953360035129e-01
2.663931015455555662e-01
2.953924272476055601e-01
3.311457512786691315e-01
3.387500996349321891e-01
2.722873928509186303e-01
3.444357202483621649e-01
3.853469969711373899e-01
3.712298160425103188e-01
4.360332337997929186e-01
4.792245496665261117e-01
1.782551300350972145e-01
1.818389248314283280e-01
2.081739996704114193e-01
2.389808982198109999e-01
2.815751396065586110e-01
3.393134838028444844e-01
3.556200686568783409e-01
2.608860038754962085e-01
2.043781796499843928e-01
2.092119533102532181e-01
2.143023829621130971e-01
2.112208847137714285e-01
2.163994349426718866e-01
2.247495113858580529e-01
2.348009619028104400e-01
2.486303687271696206e-01
2.614725197760393582e-01
2.682899832931338602e-01
2.761929417240394091e-01
3.272077352264322059e-01
3.375480041439303802e-01
3.096677186398695270e-01
2.875817131742132160e-01
2.962222404683922949e-01
3.046812266295654270e-01
3.563527797316035084e-01
3.748366851510299136e-01
4.047217963364238558e-01
3.096504056400265492e-01
2.569098598365027186e-01
2.160565152590760984e-01
2.210701301198681745e-01
3.490149400283439896e-01
1.022809093019680704e+00
1.084497312610348319e+00
1.118426343308219328e+00
1.441448310380421427e+00
1.481924484218637428e+00
1.556591552520525612e+00
1.372554480993087633e+00
1.210276019413003334e+00
1.250764747298240609e+00
2.247644633438497408e+00
2.282651402643624650e+00
2.316197362234378332e+00
2.020331149664708725e+00
1.664306037886353229e+00
1.701971545711194578e+00
1.917888082299199937e+00
2.120101803046362310e+00
2.137655386099797994e+00
2.654472049448219906e+00
3.373875992357173725e+00
3.169217899589927612e+00
2.926983612953880431e+00
2.426416108449431785e+00
1.752039482794746084e+00
1.790857465967811368e+00
1.790446708098935691e+00
2.251586051120162857e+00
2.614044795746938821e+00
2.853511836329042595e+00
2.878587907730614237e+00
3.105869137150964132e+00
3.149119079442496805e+00
3.133804730537841365e+00
3.178032481353285643e+00
3.350188525752528346e+00
3.388746676486679821e+00
3.472445847013900355e+00
3.600413750258603329e+00
3.662766068191346314e+00
3.693426432304120155e+00
3.719430659450700727e+00
3.714878845788367467e+00
3.730681482747794764e+00
4.014489366878669863e+00
4.087209321403203255e+00
4.180392968592511416e+00
4.208840126431743656e+00
4.246661353086545354e+00
4.238966012571796504e+00
4.312824569860914004e+00
4.358889357619480265e+00
4.374396270060481484e+00
4.491982446228612424e+00
4.509515752025799351e+00
4.497200267162986265e+00
4.506403116737367043e+00
4.248266423656849256e+00
4.178112386019784630e+00
3.660667244096285078e+00
4.202797887112159181e+00
4.583298096176873671e+00
4.543608062567733974e+00
4.237040474325014294e+00
4.097371549803778379e+00
3.875311181591447607e+00
3.636813696980477406e+00
3.582049177021632946e+00
2.729030896414091245e+00
2.067898178894309158e+00
2.024612986997389896e+00
2.827618388095810786e+00
2.825203662671274873e+00
3.051915490285662447e+00
4.226567242334427377e+00
4.061429709949423206e+00
3.811966392017443361e+00
3.131164899054155182e+00
3.080754392469669423e+00
3.128087395866564258e+00
3.332508010593373982e+00
3.424130249297833828e+00
4.022325578224750231e+00
4.118409724728974375e+00
4.284936227519764884e+00
3.282154474606733707e+00
3.906156940844796033e+00
4.275817918103475890e+00
4.473221286178939771e+00
4.420727292370872696e+00
5.192019879112317327e+00
4.768598720326911788e+00
3.514048453866074784e+00
2.204330147978147192e+00
1.630437624466320345e+00
1.283546270315505833e+00
1.788161008310878319e+00
1.768492078346776131e+00
1.500222655876997546e+00
1.450486498928908130e+00
1.416640795476858283e+00
1.498230023021024593e+00
1.543111065671196602e+00
3.172832344035823038e-01
3.695011366945701869e-01
4.439513933698442383e-01
8.059490199913410535e-01
9.485381359841077442e-01
1.351785773355182796e+00
1.358396350443480172e+00
1.985049065231465404e+00
1.949262851527180818e+00
2.467242724100110252e+00
2.443006216095530370e+00
2.187578334559062920e+00
2.069207786676325878e+00
1.974172316188097076e+00
1.930593990017288597e+00
2.441081621620615039e+00
2.265735542032134564e+00
2.487794114078055951e+00
2.628772148648412799e+00
2.609968950682626243e+00
2.653892296074834789e+00
2.498698354607268524e+00
2.373621947709038782e+00
2.224183209466981115e+00
2.088626824041964980e+00
1.946151541773514460e+00
1.866548410508602762e+00
1.767800802427841766e+00
9.312159050784849512e-01
5.872568622419070961e-01
3.053370443946154533e-01
1.926615832721302324e-01
1.463993441828161657e-01
1.446550920112442407e-01
1.893106885527234828e-01
1.777316319910322850e-01
1.449543296727864583e-01
1.094863649299892827e-01
9.765183582037194332e-02
1.014085360690613474e-01
1.059399443439428129e-01
1.102378718752599768e-01
1.163587663066268929e-01
1.216278132347703156e-01
1.195405218908968392e-01
1.176896979129747195e-01
9.437664957612390548e-02
9.273908512595581410e-02
9.642123991275688977e-02
9.481906756323978114e-02
9.550070011042213758e-02
9.029101422096062757e-02
9.132126664778654479e-02
1.285528629366446407e-01
1.191045758009633831e-01
1.084189167582026020e-01
1.051814230425752589e-01
1.237955679076035431e-01
1.228425472342117436e-01
1.274158716855894324e-01
1.238103947698609431e-01
1.167614275175291455e-01
1.083554831350998920e-01
9.800484629749033061e-02
9.465099942396802690e-02
9.062907912424826573e-02
9.229955318858834579e-02
9.238981730671337600e-02
9.062984847283954426e-02
1.193174110833082335e-01
1.129599421943270204e-01
5.740052218454715777e-02
6.541337236185897075e-02
6.376101152786635418e-02
5.392449934143384721e-02
6.335146722662085561e-02
7.811279906255712280e-02
1.041807460389162082e-01
1.035341864755904978e-01
1.024828605450404384e-01
5.256992603532674446e-02
5.159423273436519741e-02
5.078359084698887832e-02
1.489615884735461249e-01
1.430186035007321999e-01
1.270783803712052240e-01
1.075254378562430640e-01
1.019165943731108886e-01
1.306390186097343697e-01
1.269714995730741869e-01
1.194969324037921526e-01
1.128155795517832571e-01
1.104982208210497502e-01
1.046750068624811986e-01
1.009119986648038952e-01
9.897069901341494502e-02
9.704779775223296157e-02
6.504258144732794067e-02
6.164024680313539423e-02
6.102951102943927203e-02
6.005257150078587014e-02
5.078926532281408113e-02
4.385496145755601871e-02
4.310630809678083625e-02
4.545439436718200221e-02
4.238655661302526134e-02
3.533685851031788394e-02
2.615775927397943901e-02
2.350093269443916805e-02
2.319953375780484106e-02
2.271725807217126608e-02
2.737624594774570527e-02
2.668681531873354565e-02
2.914824214790840209e-02
3.209475836750393107e-02
3.121613842307092990e-02
2.419323952967734198e-02
2.313595180212831698e-02
2.261986371113522409e-02
2.210118817693257354e-02
2.161260310322970016e-02
2.116182291649042202e-02
2.600453074923702798e-02
2.536443933399892825e-02
2.042247907076090441e-02
1.976863002940283318e-02
2.026941159618423499e-02
1.942667908350861547e-02
1.721815057102434737e-02
1.646197130240668188e-02
1.670027451122867157e-02
1.595907386006804873e-02
1.518829088328416468e-02
1.477754985299432194e-02
1.433648240253097145e-02
1.386200622603907598e-02
1.349935950798848185e-02
1.317607254240099439e-02
1.281413801525198293e-02
1.248302269081929226e-02
1.220431072351511881e-02
1.141004433776064524e-02
9.781547421346931115e-03
8.406577876099620081e-03
7.209527516119026286e-03
6.214914566001566998e-03
5.877744839376938465e-03
7.337582998177122166e-03
6.880821651974520017e-03
6.381384297267735962e-03
5.738445009308846233e-03
5.148482133668692666e-03
4.651154022323050752e-03
4.427807239758826258e-03
4.159979537016882632e-03
4.040979439121959380e-03
4.054343732210850294e-03
3.956959204549648397e-03
3.439790643081151560e-03
3.820586865010960811e-03
3.581063387676297095e-03
3.164103161151423076e-03
3.023360359081521571e-03
2.888944287393687901e-03
2.770762866436731354e-03
2.701547881521524936e-03
2.708075011782282507e-03
2.725230463369716222e-03
2.738850441341388487e-03
2.675497425836438799e-03
2.496189558879838462e-03
2.446698165944813635e-03
2.685663389922186579e-03
2.566838672369061575e-03
2.426471573229797753e-03
2.465358551843854426e-03
2.411876270121950279e-03
2.488441189577317910e-03
2.441349841653312792e-03
2.340831578333060509e-03
2.307900620582606886e-03
2.485000914689731739e-03
2.286146394275961457e-03
2.107937153775012954e-03
2.141403422444920247e-03
2.115459463603027151e-03
2.214298741456101338e-03
2.193701792024524248e-03
2.173003948026028948e-03
2.157183288053322531e-03
2.036212394808924186e-03
2.005428584837969791e-03
2.134900731803984503e-03
2.290927416462116423e-03
2.267498485035001048e-03
2.160549524074525420e-03
2.135742463020760123e-03
2.168664628541540698e-03
2.160986540838198168e-03
2.136426129321240645e-03
2.119612259029315677e-03
2.093194386491989065e-03
2.062095119571317591e-03
2.124823522607775274e-03
2.020812500422321505e-03
1.765843661070334338e-03
1.640678447520808620e-03
1.700707789705985153e-03
1.657550922418741255e-03
1.621039297418498800e-03
1.557881732855934251e-03
1.509670089218889504e-03
1.472795516696889101e-03
1.436553622691753331e-03
1.401802546877148553e-03
1.381932221187832585e-03
1.428415966739866481e-03
1.406631580393047625e-03
1.341252784523742220e-03
1.322281659621948663e-03
1.309358152398707419e-03
1.287769441241294176e-03
1.284622874460642373e-03
1.278079160956936688e-03
1.258175114823442469e-03
1.236530806387759309e-03
1.233557338106330186e-03
1.212502125113581238e-03
1.193858136333514255e-03
1.174661368089712594e-03
1.193965211525906340e-03
1.207481422036729181e-03
1.210913102711441442e-03
1.171511953564531886e-03
1.150016397150841526e-03
1.125392777563389993e-03
1.104034816402869401e-03
1.086541615243971984e-03
1.068714120645687139e-03
1.049019443263437016e-03
1.126301308843489103e-03
1.210244495117872342e-03
1.187087804247089363e-03
1.064837545138173002e-03
1.028865667225593687e-03
9.466914020344374724e-04
9.299671877331335858e-04
8.777625405505557355e-04
9.316222951375410398e-04
8.962213904569914973e-04
8.432099828352035593e-04
8.437329518100775095e-04
8.249577590403975617e-04
7.950387316257886798e-04
7.798335142488688155e-04
6.708127657822702920e-04
6.133341370803972650e-04
5.509067616718223885e-04
5.278021306181715109e-04
5.181647207421229877e-04
5.260022066721361340e-04
5.355430266338270665e-04
5.254964686948242420e-04
5.317096475150856049e-04
5.251222581336640119e-04
4.763886267379094613e-04
4.681973187421316503e-04
4.686200214077360397e-04
4.594846935302538630e-04
4.509710456100938158e-04
4.156101465190455537e-04
3.797163648936983677e-04
3.876613218612237361e-04
3.957682564030417117e-04
3.881204905535635811e-04
3.258992354419806814e-04
3.201189135603648762e-04
3.182628877809764284e-04
3.139402965280798882e-04
3.097959945115957674e-04
3.016506638022024823e-04
2.979534188153816249e-04
2.970548802096117870e-04
3.013863557987026790e-04
2.968116594937952012e-04
2.922771021840118695e-04
2.911282457825684327e-04
2.887351100731043647e-04
2.869384084801976202e-04
2.854893572173544279e-04
2.826342767291404484e-04
2.819481505802666987e-04
2.794530881942553749e-04
2.725619991051571626e-04
2.696073888694390866e-04
2.627864088034502260e-04
2.595419138126823849e-04
2.720286037979379227e-04
2.723346880717228608e-04
2.752604983144707864e-04
2.732004718420335166e-04
2.629828756131265852e-04
2.626346147325448496e-04
2.618921507563723439e-04
2.609375992116428548e-04
2.592101177632855666e-04
2.696372986244769602e-04
2.670511524846741675e-04
2.647049067736749104e-04
2.612477976253537739e-04
2.612351696773539968e-04
2.681625295303411913e-04
2.583328196147102545e-04
2.643452798594831668e-04
2.739442776882261240e-04
2.543737774805780857e-04
2.560438952932659164e-04
2.533582333825619968e-04
2.507339556863669573e-04
2.274137930449572176e-04
2.253284413602752400e-04
2.236491635192354238e-04
2.211489883229354584e-04
2.160632137857565482e-04
2.132794672146962143e-04
2.135466197030641512e-04
2.106822292914659273e-04
2.075259549439499953e-04
2.058649052066333573e-04
2.037168183067850980e-04
2.008003174979579937e-04
1.976167167814237252e-04
