# Radius of the maximum third term in the reconnection rate during the 2023/10/10 - 2023/10/11 storm
8.171255413855661232e+00
8.179242871864314424e+00
8.177246738806635662e+00
8.177246738806635662e+00
8.181438055716400370e+00
8.181438055716400370e+00
8.181438055716400370e+00
8.177246738806635662e+00
8.172454030230889899e+00
8.173852193853932135e+00
8.179242871864314424e+00
8.183832130186191378e+00
8.181438055716400370e+00
8.186424920780323689e+00
8.186424920780323689e+00
8.177246738806635662e+00
8.186424920780323689e+00
8.390669219145017621e+00
8.390669219145017621e+00
8.181438055716400370e+00
8.181438055716400370e+00
8.189216238752052845e+00
8.206143144425732672e+00
8.210120874021544779e+00
8.210120874021544779e+00
8.210120874021544779e+00
8.210120874021544779e+00
8.210120874021544779e+00
8.210120874021544779e+00
8.210120874021544779e+00
8.210120874021544779e+00
8.210120874021544779e+00
8.210120874021544779e+00
8.210120874021544779e+00
8.210120874021544779e+00
8.210120874021544779e+00
8.210120874021544779e+00
8.210120874021544779e+00
8.210120874021544779e+00
8.206143144425732672e+00
8.206143144425732672e+00
8.206143144425732672e+00
8.206143144425732672e+00
8.206143144425732672e+00
8.206143144425732672e+00
8.206143144425732672e+00
8.206143144425732672e+00
8.206143144425732672e+00
8.206143144425732672e+00
8.206143144425732672e+00
8.206143144425732672e+00
8.206143144425732672e+00
8.206143144425732672e+00
8.206143144425732672e+00
8.206143144425732672e+00
8.206143144425732672e+00
8.206143144425732672e+00
8.206143144425732672e+00
8.206143144425732672e+00
8.206143144425732672e+00
8.206143144425732672e+00
8.206143144425732672e+00
8.206143144425732672e+00
8.206143144425732672e+00
8.206143144425732672e+00
8.206143144425732672e+00
8.206143144425732672e+00
8.206143144425732672e+00
8.206143144425732672e+00
8.206143144425732672e+00
8.206143144425732672e+00
8.206143144425732672e+00
8.206143144425732672e+00
8.206143144425732672e+00
8.206143144425732672e+00
8.206143144425732672e+00
8.206143144425732672e+00
8.206143144425732672e+00
8.206143144425732672e+00
8.202362514576426733e+00
8.202362514576426733e+00
8.202362514576426733e+00
8.198779257134171772e+00
8.198779257134171772e+00
8.198779257134171772e+00
8.198779257134171772e+00
8.198779257134171772e+00
8.198779257134171772e+00
8.195393630989332934e+00
8.195393630989332934e+00
8.195393630989332934e+00
8.195393630989332934e+00
8.192205881169581261e+00
8.192205881169581261e+00
8.192205881169581261e+00
8.192205881169581261e+00
8.192205881169581261e+00
8.192205881169581261e+00
8.192205881169581261e+00
8.192205881169581261e+00
8.192205881169581261e+00
8.189216238752052845e+00
8.189216238752052845e+00
8.067180339546617063e+00
8.025881895697038360e+00
7.945922521824193119e+00
7.905016949159376694e+00
7.866179706909229630e+00
7.825478955389038482e+00
7.786660104264883309e+00
7.786660104264883309e+00
7.747855349648324008e+00
7.668586136939213205e+00
4.125289249561278737e+00
4.125289249561278737e+00
4.155150764498861449e+00
4.155150764498861449e+00
4.155150764498861449e+00
4.185185372297762108e+00
4.185185372297762108e+00
4.185185372297762108e+00
4.185185372297762108e+00
4.185185372297762108e+00
4.215389373104801329e+00
4.215389373104801329e+00
4.215389373104801329e+00
4.245759151775414075e+00
4.245759151775414075e+00
4.036781563659021188e+00
4.007651166951534449e+00
4.036781563659021188e+00
4.095604613605456912e+00
4.066100730557077547e+00
4.066100730557077547e+00
4.095604613605456912e+00
4.036781563659021188e+00
4.036781563659021188e+00
4.036781563659021188e+00
4.007651166951534449e+00
4.036781563659021188e+00
4.036781563659021188e+00
4.095604613605456912e+00
4.155150764498861449e+00
4.066100730557077547e+00
4.125289249561278737e+00
4.155150764498861449e+00
4.155150764498861449e+00
4.245759151775414075e+00
4.245759151775414075e+00
7.088713118544260894e+00
7.127251828715380100e+00
7.127251828715380100e+00
7.164213914569303121e+00
7.202797404469583498e+00
7.241398492526784025e+00
7.241398492526784025e+00
7.280016898806942471e+00
7.318652349160341686e+00
7.318652349160341686e+00
7.357304575076104136e+00
7.357304575076104136e+00
7.395973313541053251e+00
7.434658306902687031e+00
7.474888231841765318e+00
7.513597104418917816e+00
7.552321567448531781e+00
7.591061382334764573e+00
7.631527814789496489e+00
7.670288985647921720e+00
7.670288985647921720e+00
7.670288985647921720e+00
7.670288985647921720e+00
7.670288985647921720e+00
7.670288985647921720e+00
7.709064904410129593e+00
7.709064904410129593e+00
7.709064904410129593e+00
7.709064904410129593e+00
7.670288985647921720e+00
7.670288985647921720e+00
7.629816315233951762e+00
7.629816315233951762e+00
7.591061382334764573e+00
7.591061382334764573e+00
7.591061382334764573e+00
4.245759151775414075e+00
4.245759151775414075e+00
7.629816315233951762e+00
4.245759151775414075e+00
4.215389373104801329e+00
4.215389373104801329e+00
4.215389373104801329e+00
4.215389373104801329e+00
4.215389373104801329e+00
4.215389373104801329e+00
4.215389373104801329e+00
4.215389373104801329e+00
4.215389373104801329e+00
4.215389373104801329e+00
4.215389373104801329e+00
4.215389373104801329e+00
4.215389373104801329e+00
4.215389373104801329e+00
4.215389373104801329e+00
4.185185372297762108e+00
4.185185372297762108e+00
4.185185372297762108e+00
4.185185372297762108e+00
4.185185372297762108e+00
4.185185372297762108e+00
4.185185372297762108e+00
4.185185372297762108e+00
4.155150764498861449e+00
4.185185372297762108e+00
4.185185372297762108e+00
4.185185372297762108e+00
4.185185372297762108e+00
4.155150764498861449e+00
4.155150764498861449e+00
4.155150764498861449e+00
4.185185372297762108e+00
4.185185372297762108e+00
4.185185372297762108e+00
4.155150764498861449e+00
4.155150764498861449e+00
4.155150764498861449e+00
4.155150764498861449e+00
4.185185372297762108e+00
4.185185372297762108e+00
4.185185372297762108e+00
4.185185372297762108e+00
4.185185372297762108e+00
4.185185372297762108e+00
4.185185372297762108e+00
4.185185372297762108e+00
4.185185372297762108e+00
4.185185372297762108e+00
4.185185372297762108e+00
4.185185372297762108e+00
4.185185372297762108e+00
4.185185372297762108e+00
4.185185372297762108e+00
4.185185372297762108e+00
4.215389373104801329e+00
4.215389373104801329e+00
4.215389373104801329e+00
4.215389373104801329e+00
4.215389373104801329e+00
4.215389373104801329e+00
4.215389373104801329e+00
4.215389373104801329e+00
4.215389373104801329e+00
4.215389373104801329e+00
4.185185372297762108e+00
4.185185372297762108e+00
4.185185372297762108e+00
4.185185372297762108e+00
4.185185372297762108e+00
4.185185372297762108e+00
4.185185372297762108e+00
4.185185372297762108e+00
4.185185372297762108e+00
4.185185372297762108e+00
4.185185372297762108e+00
4.155150764498861449e+00
8.177246738806635662e+00
8.177246738806635662e+00
8.175449802345207573e+00
8.175449802345207573e+00
8.175449802345207573e+00
8.175449802345207573e+00
8.175449802345207573e+00
8.175449802345207573e+00
8.173852193853932135e+00
8.173852193853932135e+00
8.173852193853932135e+00
8.172454030230889899e+00
8.172454030230889899e+00
8.172454030230889899e+00
8.172454030230889899e+00
8.172454030230889899e+00
8.172454030230889899e+00
4.125289249561278737e+00
4.125289249561278737e+00
4.125289249561278737e+00
4.125289249561278737e+00
4.125289249561278737e+00
4.125289249561278737e+00
4.125289249561278737e+00
4.095604613605456912e+00
4.095604613605456912e+00
4.095604613605456912e+00
4.095604613605456912e+00
4.095604613605456912e+00
4.095604613605456912e+00
4.095604613605456912e+00
4.095604613605456912e+00
4.095604613605456912e+00
4.095604613605456912e+00
4.095604613605456912e+00
4.095604613605456912e+00
4.095604613605456912e+00
4.095604613605456912e+00
4.095604613605456912e+00
4.125289249561278737e+00
4.125289249561278737e+00
4.125289249561278737e+00
4.125289249561278737e+00
4.095604613605456912e+00
4.095604613605456912e+00
4.095604613605456912e+00
4.095604613605456912e+00
4.095604613605456912e+00
4.095604613605456912e+00
4.095604613605456912e+00
4.095604613605456912e+00
4.095604613605456912e+00
4.066100730557078435e+00
4.066100730557078435e+00
4.066100730557078435e+00
4.095604613605456912e+00
4.095604613605456912e+00
4.095604613605456912e+00
4.095604613605456912e+00
4.095604613605456912e+00
4.095604613605456912e+00
4.095604613605456912e+00
4.095604613605456912e+00
4.095604613605456912e+00
4.095604613605456912e+00
4.095604613605456912e+00
4.066100730557078435e+00
4.066100730557078435e+00
4.066100730557078435e+00
4.066100730557078435e+00
4.066100730557078435e+00
4.066100730557078435e+00
4.066100730557078435e+00
4.066100730557078435e+00
4.066100730557078435e+00
4.066100730557078435e+00
4.066100730557078435e+00
4.066100730557078435e+00
4.036781563659021188e+00
4.036781563659021188e+00
4.036781563659021188e+00
4.036781563659021188e+00
4.036781563659021188e+00
4.036781563659021188e+00
4.036781563659021188e+00
4.036781563659021188e+00
4.036781563659021188e+00
4.036781563659021188e+00
4.036781563659021188e+00
4.036781563659021188e+00
4.036781563659021188e+00
4.036781563659021188e+00
4.007651166951534449e+00
4.007651166951534449e+00
4.007651166951534449e+00
4.007651166951534449e+00
4.007651166951534449e+00
4.007651166951534449e+00
4.007651166951534449e+00
4.007651166951534449e+00
4.007651166951534449e+00
4.007651166951534449e+00
4.007651166951534449e+00
4.007651166951534449e+00
4.036781563659021188e+00
4.036781563659021188e+00
4.036781563659021188e+00
4.036781563659021188e+00
4.007651166951534449e+00
4.036781563659021188e+00
4.007651166951534449e+00
4.007651166951534449e+00
4.036781563659021188e+00
4.036781563659021188e+00
4.036781563659021188e+00
4.036781563659021188e+00
4.036781563659021188e+00
4.036781563659021188e+00
4.036781563659021188e+00
4.036781563659021188e+00
4.036781563659021188e+00
4.036781563659021188e+00
4.007651166951534449e+00
4.007651166951534449e+00
4.036781563659021188e+00
4.036781563659021188e+00
4.036781563659021188e+00
4.036781563659021188e+00
4.427675694737779999e+00
4.427675694737779999e+00
4.427675694737779999e+00
4.395621789564179593e+00
4.395621789564179593e+00
4.460369340243538261e+00
4.460369340243538261e+00
4.460369340243538261e+00
4.428552078332634423e+00
4.411932652162414037e+00
4.411932652162414037e+00
4.363702787498385582e+00
4.428552078332634423e+00
4.413918142363249864e+00
4.363702787498385582e+00
4.007651166951534449e+00
4.007651166951534449e+00
4.007651166951534449e+00
7.779108981928486877e+00
7.740266370897336046e+00
7.779108981928486877e+00
7.779108981928486877e+00
4.331921670570812566e+00
7.779108981928486877e+00
7.779108981928486877e+00
7.856835202427448372e+00
7.857042978822573964e+00
7.895925161510305657e+00
7.974138222851324009e+00
8.013057275913800126e+00
8.170256432551903814e+00
8.130491670583714026e+00
8.131294773729392134e+00
8.131294773729392134e+00
8.131294773729392134e+00
8.091538269739835698e+00
7.973728767096018188e+00
8.013057275913800126e+00
8.013057275913800126e+00
8.130491670583714026e+00
8.130491670583714026e+00
8.170256432551903814e+00
8.170256432551903814e+00
8.170256432551903814e+00
8.013668437486099805e+00
8.013057275913800126e+00
8.013057275913800126e+00
8.170256432551903814e+00
8.171255413855661232e+00
8.171255413855661232e+00
8.170256432551903814e+00
8.170256432551903814e+00
8.171255413855661232e+00
8.171255413855661232e+00
8.172454030230889899e+00
8.171255413855661232e+00
8.172454030230889899e+00
8.173852193853932135e+00
8.175449802345207573e+00
8.093353836780016408e+00
7.935849106913371642e+00
7.857458515130002930e+00
7.857458515130002930e+00
7.935849106913371642e+00
7.935849106913371642e+00
8.173852193853932135e+00
8.173852193853932135e+00
8.216187190255020312e+00
8.216187190255020312e+00
8.216187190255020312e+00
8.216187190255020312e+00
8.218173864973294940e+00
8.218173864973294940e+00
8.218173864973294940e+00
8.218173864973294940e+00
8.218173864973294940e+00
8.220358652608259931e+00
8.222741395243730267e+00
8.228100043328790747e+00
8.234248264708046605e+00
8.244947120800251383e+00
8.257411599369063993e+00
8.271633718598438989e+00
8.475849003189285469e+00
8.475849003189285469e+00
8.475849003189285469e+00
8.475849003189285469e+00
8.400002895670983349e+00
8.400002895670983349e+00
8.400002895670983349e+00
8.400002895670983349e+00
8.400002895670983349e+00
8.400002895670983349e+00
8.400002895670983349e+00
8.400002895670983349e+00
8.400002895670983349e+00
8.400002895670983349e+00
8.400002895670983349e+00
8.400002895670983349e+00
8.400002895670983349e+00
8.400002895670983349e+00
8.400002895670983349e+00
8.400002895670983349e+00
8.400002895670983349e+00
8.400002895670983349e+00
8.437915404012287013e+00
8.475849003189285469e+00
7.236977354412292840e+00
7.199923974724410591e+00
7.236977354412292840e+00
7.236977354412292840e+00
7.274064163612484535e+00
7.311183893600030181e+00
7.311183893600030181e+00
7.348336045482111167e+00
7.348336045482111167e+00
7.385520129973033754e+00
7.422735667175020424e+00
7.459982186364625178e+00
8.437915404012287013e+00
8.437915404012287013e+00
7.571903061906825272e+00
7.609268978126581651e+00
7.786464622425581794e+00
7.861651687930923060e+00
7.974623062785823002e+00
8.087814840806785810e+00
8.163393945596244095e+00
8.239064357635555780e+00
8.352735747569823843e+00
8.390669219145017621e+00
8.466598940701725695e+00
8.466598940701725695e+00
8.466598940701725695e+00
8.466598940701725695e+00
8.466598940701725695e+00
8.466598940701725695e+00
8.466598940701725695e+00
8.466598940701725695e+00
8.466598940701725695e+00
8.466598940701725695e+00
8.466598940701725695e+00
8.466598940701725695e+00
8.466598940701725695e+00
8.466598940701725695e+00
8.466598940701725695e+00
8.466598940701725695e+00
8.466598940701725695e+00
8.390669219145017621e+00
8.390669219145017621e+00
8.390669219145017621e+00
8.400002895670983349e+00
8.400002895670983349e+00
8.400002895670983349e+00
8.125592820482756551e+00
8.050060332424726184e+00
8.400002895670983349e+00
8.400002895670983349e+00
8.400002895670983349e+00
8.400002895670983349e+00
8.400002895670983349e+00
8.400002895670983349e+00
8.400002895670983349e+00
8.400002895670983349e+00
8.400002895670983349e+00
8.400002895670983349e+00
8.400002895670983349e+00
8.400002895670983349e+00
8.400002895670983349e+00
7.748910356022275181e+00
7.748910356022275181e+00
7.748910356022275181e+00
7.748910356022275181e+00
7.748910356022275181e+00
7.748910356022275181e+00
7.748910356022275181e+00
7.748910356022275181e+00
7.711382777210805450e+00
7.711382777210805450e+00
7.711382777210805450e+00
7.748910356022275181e+00
7.748910356022275181e+00
7.721537608458349133e+00
7.786464622425581794e+00
7.748910356022275181e+00
7.721537608458349133e+00
7.748910356022275181e+00
7.786464622425581794e+00
7.861651687930923060e+00
7.824045192131184656e+00
7.824045192131184656e+00
7.824045192131184656e+00
7.824045192131184656e+00
7.824045192131184656e+00
7.786464622425581794e+00
7.786464622425581794e+00
7.786464622425581794e+00
7.786464622425581794e+00
7.786464622425581794e+00
7.748910356022275181e+00
7.748910356022275181e+00
7.786464622425581794e+00
7.796521661514089097e+00
7.834053986965137106e+00
7.899283739542035221e+00
7.946807590285711598e+00
8.059788462351313854e+00
8.248569584566395108e+00
8.437915404012287013e+00
8.437915404012287013e+00
8.437915404012287013e+00
8.437915404012287013e+00
8.437915404012287013e+00
8.475849003189285469e+00
8.475849003189285469e+00
8.475849003189285469e+00
8.475849003189285469e+00
8.475849003189285469e+00
8.475849003189285469e+00
8.475849003189285469e+00
8.475849003189285469e+00
8.475849003189285469e+00
8.475849003189285469e+00
8.475849003189285469e+00
8.475849003189285469e+00
8.475849003189285469e+00
8.475849003189285469e+00
8.475849003189285469e+00
8.475849003189285469e+00
8.475849003189285469e+00
8.475849003189285469e+00
8.475849003189285469e+00
8.475849003189285469e+00
8.475849003189285469e+00
8.475849003189285469e+00
8.475849003189285469e+00
8.475849003189285469e+00
8.475849003189285469e+00
8.475849003189285469e+00
8.475849003189285469e+00
8.475849003189285469e+00
8.475849003189285469e+00
8.475849003189285469e+00
8.475849003189285469e+00
8.475849003189285469e+00
8.475849003189285469e+00
8.475849003189285469e+00
8.475849003189285469e+00
8.475849003189285469e+00
8.475849003189285469e+00
8.475849003189285469e+00
8.475849003189285469e+00
8.475849003189285469e+00
8.475849003189285469e+00
8.475849003189285469e+00
8.475849003189285469e+00
8.475849003189285469e+00
8.475849003189285469e+00
8.475849003189285469e+00
8.475849003189285469e+00
8.475849003189285469e+00
8.475849003189285469e+00
8.475849003189285469e+00
8.475849003189285469e+00
8.475849003189285469e+00
8.475849003189285469e+00
8.475849003189285469e+00
8.475849003189285469e+00
8.475849003189285469e+00
8.475849003189285469e+00
8.475849003189285469e+00
8.475849003189285469e+00
8.475849003189285469e+00
8.475849003189285469e+00
8.475849003189285469e+00
8.475849003189285469e+00
8.475849003189285469e+00
8.475849003189285469e+00
8.437915404012287013e+00
8.447390131892987597e+00
8.447390131892987597e+00
8.447390131892987597e+00
8.447390131892987597e+00
8.447390131892987597e+00
8.447390131892987597e+00
8.447390131892987597e+00
8.447390131892987597e+00
8.447390131892987597e+00
8.447390131892987597e+00
8.447390131892987597e+00
8.466598940701725695e+00
8.466598940701725695e+00
8.466598940701725695e+00
8.439948539768680646e+00
8.439948539768680646e+00
8.431433599549841063e+00
8.439948539768680646e+00
8.448648124832214279e+00
8.457531784952408316e+00
8.448648124832214279e+00
8.466598940701725695e+00
8.457531784952408316e+00
8.457531784952408316e+00
8.457531784952408316e+00
8.448648124832214279e+00
8.431433599549841063e+00
8.431433599549841063e+00
8.439948539768680646e+00
8.439948539768680646e+00
8.439948539768680646e+00
8.439948539768680646e+00
8.448648124832214279e+00
8.448648124832214279e+00
8.439948539768680646e+00
8.448648124832214279e+00
8.448648124832214279e+00
8.448648124832214279e+00
8.448648124832214279e+00
8.439948539768680646e+00
8.431433599549841063e+00
8.439948539768680646e+00
8.439948539768680646e+00
8.439948539768680646e+00
8.431433599549841063e+00
8.431433599549841063e+00
8.431433599549841063e+00
8.423103864149751985e+00
8.423103864149751985e+00
8.423103864149751985e+00
8.414959883555765074e+00
8.414959883555765074e+00
8.414959883555765074e+00
8.407002197597739368e+00
8.407002197597739368e+00
8.431433599549841063e+00
8.414959883555765074e+00
8.414959883555765074e+00
8.423103864149751985e+00
8.414959883555765074e+00
8.414959883555765074e+00
8.485281374238569541e+00
8.485281374238569541e+00
8.466598940701725695e+00
8.448648124832214279e+00
8.439948539768680646e+00
8.423103864149751985e+00
8.414959883555765074e+00
8.439948539768680646e+00
8.485281374238569541e+00
8.466598940701725695e+00
8.466598940701725695e+00
8.466598940701725695e+00
8.466598940701725695e+00
8.457531784952408316e+00
8.457531784952408316e+00
8.448648124832214279e+00
8.448648124832214279e+00
8.439948539768680646e+00
8.439948539768680646e+00
8.431433599549841063e+00
8.423103864149751985e+00
8.431433599549841063e+00
8.431433599549841063e+00
8.423103864149751985e+00
8.423103864149751985e+00
8.414959883555765074e+00
8.414959883555765074e+00
8.414959883555765074e+00
8.431433599549841063e+00
8.448648124832214279e+00
8.466598940701725695e+00
8.466598940701725695e+00
8.431433599549841063e+00
8.391647817110758467e+00
8.391647817110758467e+00
8.391647817110758467e+00
8.391647817110758467e+00
8.391647817110758467e+00
8.384252149945512045e+00
8.391647817110758467e+00
8.399231335779216323e+00
8.399231335779216323e+00
8.370026349280157874e+00
8.370026349280157874e+00
8.370026349280157874e+00
8.377044831817128667e+00
8.384252149945512045e+00
8.384252149945512045e+00
8.377044831817128667e+00
8.377044831817128667e+00
8.377044831817128667e+00
8.363197177753022515e+00
7.582460000161500346e+00
7.694489689808940547e+00
8.363197177753022515e+00
8.377044831817128667e+00
8.391647817110758467e+00
8.391647817110758467e+00
8.391647817110758467e+00
8.377044831817128667e+00
8.370026349280157874e+00
8.363197177753022515e+00
8.363197177753022515e+00
7.657117519066191313e+00
8.350108612798157637e+00
7.582460000161500346e+00
7.619774147349430038e+00
7.470697283119744014e+00
7.470697283119744014e+00
7.470697283119744014e+00
8.485281374238569541e+00
8.485281374238569541e+00
7.322116743208324507e+00
7.359213702051793149e+00
7.433504453478680496e+00
7.470697283119744014e+00
8.485281374238569541e+00
8.485281374238569541e+00
8.485281374238569541e+00
8.485281374238569541e+00
7.507921121971656397e+00
8.356557781363692428e+00
8.363197177753022515e+00
8.356557781363692428e+00
7.470697283119744014e+00
7.507921121971656397e+00
8.356557781363692428e+00
8.363197177753022515e+00
8.363197177753022515e+00
8.370026349280157874e+00
8.377044831817128667e+00
8.391647817110758467e+00
8.377044831817128667e+00
8.363197177753022515e+00
8.370026349280157874e+00
8.377044831817128667e+00
8.384252149945512045e+00
8.391647817110758467e+00
8.399231335779216323e+00
8.399231335779216323e+00
8.423103864149751985e+00
8.431433599549841063e+00
8.431433599549841063e+00
8.414959883555765074e+00
8.414959883555765074e+00
8.407002197597739368e+00
8.391647817110758467e+00
8.391647817110758467e+00
8.399231335779216323e+00
8.414959883555765074e+00
8.414959883555765074e+00
8.414959883555765074e+00
8.407002197597739368e+00
8.407002197597739368e+00
8.391647817110758467e+00
8.391647817110758467e+00
8.391647817110758467e+00
8.414959883555765074e+00
8.407002197597739368e+00
8.399231335779216323e+00
8.391647817110758467e+00
8.391647817110758467e+00
7.582460000161500346e+00
8.384252149945512045e+00
8.414959883555765074e+00
8.439948539768680646e+00
8.466598940701725695e+00
8.485281374238569541e+00
8.466598940701725695e+00
8.466598940701725695e+00
8.485281374238569541e+00
8.485281374238569541e+00
8.485281374238569541e+00
8.485281374238569541e+00
8.485281374238569541e+00
8.485281374238569541e+00
8.485281374238569541e+00
8.485281374238569541e+00
8.485281374238569541e+00
8.485281374238569541e+00
8.485281374238569541e+00
8.485281374238569541e+00
8.439948539768680646e+00
8.439948539768680646e+00
8.423103864149751985e+00
8.414959883555765074e+00
8.423103864149751985e+00
8.423103864149751985e+00
8.423103864149751985e+00
8.423103864149751985e+00
8.399231335779216323e+00
8.407002197597739368e+00
8.399231335779216323e+00
8.391647817110758467e+00
8.391647817110758467e+00
8.384252149945512045e+00
8.384252149945512045e+00
8.384252149945512045e+00
8.384252149945512045e+00
8.384252149945512045e+00
8.391647817110758467e+00
8.391647817110758467e+00
8.399231335779216323e+00
8.407002197597739368e+00
8.431433599549841063e+00
8.457531784952408316e+00
8.485281374238569541e+00
8.485281374238569541e+00
8.485281374238569541e+00
8.439948539768680646e+00
8.448648124832214279e+00
8.466598940701725695e+00
8.485281374238569541e+00
8.485281374238569541e+00
8.485281374238569541e+00
8.485281374238569541e+00
8.485281374238569541e+00
8.457531784952408316e+00
8.448648124832214279e+00
8.448648124832214279e+00
8.439948539768680646e+00
8.466598940701725695e+00
8.466598940701725695e+00
8.448648124832214279e+00
8.448648124832214279e+00
8.439948539768680646e+00
8.401852854837823514e+00
8.393299266916496748e+00
8.360950129760285066e+00
8.360950129760285066e+00
8.376750556287079874e+00
8.384931648299673412e+00
8.360950129760285066e+00
8.353331857817140715e+00
8.338661772411510853e+00
8.338661772411510853e+00
8.345902237282015079e+00
8.360950129760285066e+00
8.376750556287079874e+00
8.423103864149751985e+00
8.439948539768680646e+00
8.466598940701725695e+00
8.466598940701725695e+00
8.485281374238569541e+00
8.466598940701725695e+00
8.485281374238569541e+00
8.485281374238569541e+00
8.485281374238569541e+00
8.485281374238569541e+00
8.485281374238569541e+00
8.485281374238569541e+00
8.485281374238569541e+00
8.485281374238569541e+00
8.485281374238569541e+00
8.485281374238569541e+00
8.485281374238569541e+00
8.485281374238569541e+00
8.485281374238569541e+00
8.466598940701725695e+00
8.466598940701725695e+00
8.485281374238569541e+00
8.485281374238569541e+00
8.485281374238569541e+00
8.485281374238569541e+00
8.485281374238569541e+00
8.466598940701725695e+00
8.466598940701725695e+00
8.457531784952408316e+00
8.448648124832214279e+00
8.439948539768680646e+00
8.393299266916496748e+00
8.384931648299673412e+00
8.447390131892987597e+00
8.428623711086798309e+00
8.410591844670260997e+00
8.410591844670260997e+00
8.419515659103156580e+00
8.447390131892987597e+00
8.428623711086798309e+00
8.419515659103156580e+00
8.419515659103156580e+00
8.447390131892987597e+00
8.447390131892987597e+00
8.447390131892987597e+00
8.447390131892987597e+00
8.447390131892987597e+00
8.447390131892987597e+00
8.447390131892987597e+00
8.447390131892987597e+00
8.447390131892987597e+00
8.447390131892987597e+00
8.447390131892987597e+00
8.447390131892987597e+00
8.447390131892987597e+00
8.447390131892987597e+00
8.447390131892987597e+00
8.447390131892987597e+00
8.447390131892987597e+00
8.447390131892987597e+00
8.447390131892987597e+00
8.447390131892987597e+00
8.447390131892987597e+00
8.447390131892987597e+00
8.447390131892987597e+00
8.447390131892987597e+00
8.447390131892987597e+00
8.447390131892987597e+00
8.447390131892987597e+00
8.447390131892987597e+00
8.485281374238569541e+00
8.485281374238569541e+00
8.485281374238569541e+00
8.485281374238569541e+00
8.485281374238569541e+00
8.485281374238569541e+00
8.485281374238569541e+00
8.485281374238569541e+00
8.485281374238569541e+00
8.485281374238569541e+00
8.485281374238569541e+00
8.485281374238569541e+00
8.485281374238569541e+00
8.485281374238569541e+00
8.485281374238569541e+00
8.485281374238569541e+00
8.485281374238569541e+00
8.485281374238569541e+00
8.409520338426924368e+00
8.145057462141648941e+00
7.994455289187873959e+00
7.881768179771310834e+00
7.844258125904548962e+00
7.769318765694821494e+00
7.684086667356173628e+00
7.646663653231727587e+00
7.609268978126581651e+00
7.609268978126581651e+00
7.571903061906825272e+00
7.497259225784643100e+00
7.459982186364625178e+00
7.422735667175020424e+00
7.422735667175020424e+00
7.385520129973033754e+00
7.348336045482111167e+00
7.369663941301819676e+00
7.369663941301819676e+00
7.369663941301819676e+00
7.377412870471074413e+00
7.369663941301819676e+00
7.369663941301819676e+00
7.377412870471074413e+00
7.377412870471074413e+00
7.331738192951849697e+00
7.331738192951849697e+00
7.286223055407887728e+00
7.286223055407887728e+00
7.286223055407887728e+00
7.286223055407887728e+00
7.324163832771819926e+00
7.324163832771819926e+00
7.324163832771819926e+00
7.286223055407887728e+00
7.286223055407887728e+00
7.286223055407887728e+00
7.286223055407887728e+00
7.324163832771819926e+00
7.324163832771819926e+00
7.286223055407887728e+00
7.286223055407887728e+00
7.199923974724410591e+00
7.199923974724410591e+00
7.236977354412292840e+00
7.236977354412292840e+00
7.236977354412292840e+00
7.236977354412292840e+00
7.274064163612484535e+00
7.274064163612484535e+00
7.274064163612484535e+00
7.274064163612484535e+00
7.274064163612484535e+00
7.274064163612484535e+00
8.400002895670983349e+00
7.311183893600030181e+00
7.274064163612484535e+00
7.274064163612484535e+00
8.400002895670983349e+00
8.437915404012287013e+00
7.274064163612484535e+00
7.236977354412292840e+00
7.236977354412292840e+00
7.236977354412292840e+00
7.199923974724410591e+00
7.199923974724410591e+00
7.162904543336901853e+00
7.162904543336901853e+00
7.162904543336901853e+00
7.162904543336901853e+00
7.125919589338035820e+00
7.125919589338035820e+00
7.088969652359695672e+00
7.088969652359695672e+00
7.052055282827270233e+00
7.052055282827270233e+00
7.015177042216205194e+00
6.978335503315435062e+00
6.978335503315435062e+00
6.941531250497841476e+00
6.904764879997986604e+00
6.904764879997986604e+00
6.868037000197303676e+00
6.831348231916945402e+00
6.794699208718548711e+00
6.794699208718548711e+00
6.758090577213078376e+00
6.721522997378049702e+00
6.684997142883298160e+00
6.648513701425588174e+00
6.612073375072281323e+00
6.648513701425588174e+00
6.612073375072281323e+00
6.575676880614328645e+00
6.575676880614328645e+00
6.539324949928844610e+00
6.539324949928844610e+00
6.466757785059237484e+00
6.503018330351533649e+00
6.539324949928844610e+00
6.575676880614328645e+00
8.437915404012287013e+00
8.437915404012287013e+00
8.475849003189285469e+00
8.475849003189285469e+00
8.475849003189285469e+00
8.475849003189285469e+00
8.475849003189285469e+00
8.475849003189285469e+00
8.475849003189285469e+00
8.475849003189285469e+00
8.475849003189285469e+00
8.475849003189285469e+00
8.475849003189285469e+00
8.475849003189285469e+00
8.475849003189285469e+00
8.475849003189285469e+00
8.475849003189285469e+00
8.475849003189285469e+00
8.475849003189285469e+00
8.475849003189285469e+00
8.475849003189285469e+00
8.475849003189285469e+00
8.475849003189285469e+00
8.475849003189285469e+00
8.475849003189285469e+00
8.475849003189285469e+00
8.475849003189285469e+00
8.475849003189285469e+00
8.475849003189285469e+00
8.475849003189285469e+00
8.475849003189285469e+00
8.475849003189285469e+00
8.475849003189285469e+00
8.475849003189285469e+00
8.475849003189285469e+00
8.475849003189285469e+00
8.475849003189285469e+00
8.475849003189285469e+00
8.475849003189285469e+00
8.475849003189285469e+00
8.475849003189285469e+00
8.475849003189285469e+00
8.475849003189285469e+00
8.475849003189285469e+00
8.475849003189285469e+00
8.475849003189285469e+00
8.437915404012287013e+00
8.447390131892987597e+00
8.447390131892987597e+00
8.447390131892987597e+00
8.447390131892987597e+00
8.447390131892987597e+00
8.447390131892987597e+00
8.447390131892987597e+00
8.447390131892987597e+00
8.447390131892987597e+00
8.447390131892987597e+00
8.437915404012287013e+00
8.261957437527708947e+00
8.475849003189285469e+00
8.475849003189285469e+00
8.475849003189285469e+00
8.475849003189285469e+00
8.475849003189285469e+00
8.475849003189285469e+00
8.475849003189285469e+00
8.475849003189285469e+00
8.475849003189285469e+00
8.475849003189285469e+00
8.475849003189285469e+00
8.475849003189285469e+00
8.475849003189285469e+00
8.475849003189285469e+00
8.475849003189285469e+00
8.475849003189285469e+00
8.475849003189285469e+00
8.475849003189285469e+00
8.475849003189285469e+00
8.475849003189285469e+00
