# Maximum of third term in the reconnection rate during the 2023/10/10 - 2023/10/11 storm
2.493098196290675223e-02
2.939534559983109085e-02
2.829124207644096237e-02
2.744027529746495553e-02
2.870693485356547170e-02
2.718800887194266352e-02
2.804703162814065065e-02
2.502068602161592811e-02
2.115374306873997468e-02
2.154175931766737911e-02
2.523262402427535467e-02
2.763907082816467048e-02
2.609894664244935894e-02
2.689081584051292509e-02
2.799164344683894093e-02
2.803556119165655225e-02
3.279201919939749715e-02
2.037115091047992516e-02
2.069653293061889110e-02
3.104767441802852926e-02
3.056702647862309663e-02
3.007435493668920642e-02
5.369597856960046933e-02
6.068552146348175913e-02
6.127197870094699267e-02
6.139175099039780037e-02
6.166339622267628939e-02
6.168552352920755183e-02
6.214447219357505797e-02
6.258742400168683384e-02
6.465452540366117828e-02
6.541172170465646418e-02
6.797814467971334540e-02
6.786695393766116469e-02
6.932323982483352964e-02
7.115800301830092767e-02
7.295383929273595303e-02
7.377835751464786873e-02
7.289118161723787126e-02
6.953882389356477733e-02
6.884650271049476411e-02
7.291671218278573952e-02
7.324907217807279103e-02
7.368186836428981812e-02
7.371958555042786021e-02
7.414573030589696745e-02
7.584838931117925120e-02
7.708583085912122657e-02
7.586592463595732971e-02
7.808497218676532792e-02
7.943424594292243512e-02
7.968728235307012686e-02
8.018940077582288606e-02
8.080661721623132177e-02
8.058442313876452989e-02
7.988632329426766099e-02
7.838310570079790041e-02
7.875087777383008025e-02
7.908882682308512879e-02
7.842073129386416264e-02
7.783403921290291128e-02
7.824535861875152321e-02
8.120505171692198043e-02
8.360627537149796507e-02
8.472287481261671360e-02
8.469941449412163315e-02
8.443655828457416468e-02
8.656554790430236179e-02
8.543591934663646859e-02
8.788374840760658502e-02
8.878188216315023584e-02
9.086977743147725550e-02
9.130381926112798863e-02
9.120666817930618564e-02
9.202939995118741834e-02
9.298178758947239775e-02
9.243578900445713342e-02
9.408223886756619803e-02
9.226948047967270528e-02
8.774637301962723290e-02
8.562887738752412992e-02
8.394144372721581981e-02
7.995919163349346492e-02
7.643301856032604091e-02
7.620509521946228215e-02
7.887124350589035104e-02
7.938311760268540462e-02
7.791283347459519726e-02
7.736560837510506050e-02
7.746058016140143498e-02
7.668061026183005391e-02
7.524409031712633866e-02
7.297149768089787603e-02
7.255757611354457515e-02
7.246496605580989014e-02
7.211899357114515130e-02
7.313310670245488920e-02
7.377636659496411564e-02
7.345535927279515931e-02
7.216739776322038391e-02
7.088321665333521815e-02
6.625549805141067727e-02
6.386186996088921708e-02
6.329289315032027297e-02
5.862706685818565300e-02
5.685249836757307745e-02
5.487572420401661683e-02
5.465958719462586657e-02
5.435830407038589468e-02
5.467621491691224828e-02
5.473850674605271194e-02
5.448524795006058630e-02
5.374549963819407611e-02
5.347241240694308034e-02
5.369494613201675204e-02
5.385266112138912403e-02
5.396546903112491717e-02
5.415777092950076893e-02
5.245955751096653685e-02
5.216053769029356524e-02
5.316844153465986877e-02
5.268385457211359479e-02
5.285686170241253590e-02
5.291618590284408868e-02
5.307168963437760428e-02
5.248877211017843880e-02
5.274444951124050707e-02
5.208089537019740256e-02
5.216252951051864734e-02
5.168844216417965709e-02
5.346464364037267769e-02
5.469908547390687353e-02
5.362241771755531933e-02
5.389922221960434523e-02
5.533312629253357706e-02
5.151524752517649269e-02
5.128748149125306882e-02
5.122116189256802760e-02
5.018035477973345482e-02
5.013159295802110949e-02
5.019587165111258353e-02
5.025788808277967257e-02
5.099111337831834651e-02
4.948851569283320428e-02
4.812123924408762132e-02
4.739631249394949536e-02
4.635976824364924226e-02
4.555341104648103628e-02
4.488697650659945887e-02
4.441792754989734582e-02
4.443450667444114738e-02
4.447634436711335459e-02
4.451859132449344225e-02
4.458472529779178295e-02
4.468063459118623570e-02
4.480143300203455470e-02
4.492029047414095033e-02
4.503892152884712841e-02
4.515007803658552948e-02
4.531347495393703989e-02
4.546211318379304173e-02
4.571385208029896813e-02
4.588655212018393631e-02
4.608363114885993816e-02
4.635544019403621541e-02
4.662423366216836979e-02
4.689836242341294259e-02
4.727128702725429815e-02
4.755734376726507978e-02
4.762727585935647850e-02
4.773277403958667980e-02
4.776809336330480049e-02
4.770030073062361126e-02
4.766682991651212398e-02
4.793570126034207152e-02
4.792406545883563795e-02
4.775990378231475403e-02
4.750775100702703951e-02
4.720462645554433789e-02
4.689364387840208592e-02
4.657217999990394264e-02
4.640181555774458566e-02
4.624179853000395801e-02
4.611843009951931832e-02
4.610305316911659373e-02
4.615428649487789137e-02
4.635216052141189619e-02
4.698235169566383762e-02
4.657179727922274720e-02
4.859135829311336113e-02
4.882426393787284852e-02
4.911781940406453190e-02
4.933557002954805371e-02
4.978422134139485339e-02
5.021157617866014999e-02
5.092131215652728055e-02
5.180334015402355413e-02
5.255064042822946146e-02
5.215198430812558600e-02
5.180053796056980492e-02
5.248226983613275831e-02
5.294773860049538372e-02
5.320027003052681808e-02
5.398572344239081777e-02
5.521834598548769346e-02
5.550210212059841081e-02
5.601326383462142816e-02
5.636575108949108681e-02
5.657389287678580431e-02
5.682644717498105263e-02
5.713058333587044818e-02
5.763359317824982148e-02
5.810178203642695632e-02
5.806353979975911045e-02
5.811697113647131679e-02
5.818643762371285277e-02
5.832573635699272313e-02
5.935785368445687521e-02
5.955890118081406254e-02
5.900833813570133951e-02
5.856328078035454715e-02
5.905527734328481354e-02
5.914939143216369627e-02
5.895486847817527076e-02
5.887999584341093579e-02
5.818373636698757900e-02
5.807135392189032713e-02
5.808549872194759128e-02
5.809889630753514028e-02
5.827689296452108481e-02
5.825805541222849049e-02
5.819562624433752968e-02
5.877933594420359925e-02
5.854425468135465022e-02
5.828994441878310867e-02
5.827160607512588825e-02
5.690116047881191991e-02
5.687557603692029728e-02
5.711003202256521860e-02
5.694568162273110079e-02
5.677042303299927040e-02
5.692680548701598703e-02
5.689517569549039366e-02
5.729575404246046999e-02
5.745798088282066951e-02
5.773653083084660104e-02
5.815890373296665750e-02
5.822178492877386202e-02
5.809989137525393282e-02
5.794048994617992387e-02
5.841068279085726012e-02
5.930320753472382439e-02
5.957155720925672721e-02
6.027664162420261207e-02
6.035870960661778029e-02
6.093369756730594028e-02
6.149095980871895767e-02
6.166390023178885266e-02
6.068901519059621136e-02
5.997283837831214603e-02
6.027185918457299979e-02
6.196213248249041183e-02
6.249013353011303312e-02
6.268538564576910110e-02
6.236798857805617158e-02
6.262442175435183056e-02
6.411540903635598587e-02
6.680498442305118911e-02
6.743879451575338080e-02
6.557151294683134790e-02
6.769064073074562704e-02
6.912341533464295973e-02
6.980654492501993380e-02
6.928756504902645885e-02
6.805407217059084024e-02
6.689041434243507556e-02
6.618503074354523119e-02
6.649318048702582140e-02
6.645226194000497522e-02
6.586589499134996861e-02
6.527586389019679469e-02
6.475184215081956907e-02
6.442051001683343769e-02
6.426505532386207753e-02
6.434201926815513728e-02
6.439283473038477645e-02
6.370667431237585221e-02
6.365186341184153607e-02
6.543154914837090441e-02
6.583608394631872140e-02
6.596870325523716827e-02
6.604330319630220825e-02
6.595720464116858195e-02
6.625274865842191441e-02
6.638130698907369898e-02
6.638413764149934948e-02
6.617337233965929488e-02
6.592001484399395705e-02
6.564653095888289824e-02
6.538893041722464161e-02
6.508695849849169268e-02
6.501630534787694593e-02
6.480289810698491859e-02
6.457528571574838727e-02
6.424609246347860736e-02
6.433250127108142147e-02
6.429399193437922155e-02
6.424387501408367063e-02
6.455219149577942628e-02
6.398282749102865430e-02
6.459958762227355211e-02
6.415415678606045669e-02
6.376012925920437890e-02
6.518836060519725417e-02
6.608079358995645747e-02
6.578826283665743790e-02
6.542923817349587112e-02
6.613921952165940921e-02
6.628106758846059876e-02
6.611713520346845785e-02
6.528556875459684550e-02
6.569176566384159199e-02
6.613062737760753984e-02
6.622204963283723211e-02
6.529930078604093135e-02
6.507549822694351505e-02
6.474621178531214660e-02
6.116755738980209772e-02
6.332919779738946375e-02
6.261843453420308514e-02
6.267266066653186252e-02
6.261885938697031584e-02
6.312376514181665399e-02
6.305948498036129113e-02
6.305189325358624697e-02
6.329518888299830170e-02
6.358367456661563610e-02
6.355104264387227697e-02
6.412706551961350199e-02
6.421756747724892411e-02
6.436211362832848504e-02
6.458286841260892086e-02
6.418170263879434401e-02
6.421931752147815031e-02
6.431502627487839518e-02
6.425763595997892319e-02
6.387039353284625076e-02
6.373290231314560073e-02
6.321114392819499050e-02
6.273586427579369573e-02
6.318016847951382631e-02
6.215192526117362115e-02
6.212237226906266313e-02
6.127130757207632783e-02
6.125184669303720963e-02
6.204749123105257613e-02
6.231760499941225301e-02
6.275030841781446822e-02
6.260597890590123560e-02
6.238891263403341381e-02
6.208169193155376603e-02
6.219740405945833883e-02
6.267102482057403112e-02
6.276711476066443307e-02
6.252199405397752818e-02
6.203870209420052351e-02
6.143643482804051620e-02
6.097973518268147430e-02
6.078536690994756908e-02
6.130140858332337045e-02
6.099518907482733010e-02
6.122265947342543646e-02
6.101278119221235224e-02
6.154479856079696914e-02
6.053398583515351428e-02
6.147803876094434100e-02
6.181025820327633313e-02
6.056229825155472896e-02
6.065519540431285606e-02
6.089724660752221519e-02
6.135239616622887443e-02
6.183684496129566305e-02
6.223041731577499958e-02
6.227141820338569222e-02
6.213744626598338705e-02
6.248040734873413354e-02
6.261337962885835107e-02
6.249998288763984611e-02
6.267727748017486167e-02
6.325247606865762318e-02
6.334070100082993260e-02
6.337341886821243331e-02
6.403909831373451322e-02
6.516162064281762201e-02
6.525348945308466486e-02
6.553704453404178565e-02
6.549512100428174499e-02
6.572373169751648259e-02
7.311402938601879731e-02
7.328019813149747042e-02
7.334278961940331187e-02
7.337761500746910193e-02
7.150499680308779193e-02
6.886642389912950302e-02
6.708362045923534078e-02
7.254957580503659798e-02
7.559733229503758090e-02
6.599403287890669156e-02
6.215915606058190074e-02
6.225202723295615581e-02
6.212027949463945486e-02
6.196057465591670727e-02
6.221277612255241007e-02
6.374652245763649805e-02
6.458019356914868059e-02
6.696547538403341271e-02
6.437501257079053518e-02
6.479618022962105317e-02
6.603874603022265311e-02
6.783780581839744805e-02
6.891989004399051710e-02
7.134186134693273895e-02
7.383891695470473637e-02
7.886493876202305131e-02
7.878553231156434911e-02
7.913351966838821916e-02
8.019022275380795206e-02
7.966071376114855496e-02
7.875917865416723340e-02
6.902599787010879617e-02
7.158661459918207182e-02
7.405224358520093308e-02
8.163387246118881946e-02
8.414702309827178095e-02
8.603743938427121929e-02
9.006336961021552123e-02
9.363380014146502339e-02
9.280058522143086464e-02
8.788523600860610741e-02
8.597504442709469341e-02
9.068371434385028018e-02
9.529193648462713773e-02
9.723683148630744844e-02
9.524123778767820681e-02
9.559576706159905735e-02
9.819906813281709113e-02
9.959407562743236020e-02
1.042155743143873409e-01
1.012050043514418213e-01
1.035778418765381653e-01
1.138992659712180638e-01
1.227547072389094801e-01
1.126414722766275467e-01
1.077320916687359575e-01
9.976536649626308040e-02
9.836203475513441430e-02
1.027436012722328790e-01
1.008354489611246602e-01
1.297373577964956171e-01
1.263636393719016482e-01
1.426362299464560834e-01
1.379495391101245305e-01
1.387992139565349947e-01
1.339896489534447011e-01
1.299377442539199345e-01
1.253381757732151824e-01
1.202473808848009557e-01
1.134850976057730498e-01
1.080840988292591925e-01
1.033713406550892389e-01
1.004279578859589017e-01
9.547671401731994134e-02
9.060822177814407963e-02
8.657062213851636490e-02
8.355151571626069640e-02
8.309673397944333795e-02
8.518701924948217374e-02
8.860743580545341058e-02
9.486435069667194242e-02
9.922255526580577023e-02
1.035726161065492895e-01
1.082071594906724860e-01
1.104865824665278579e-01
1.120212898912888444e-01
1.129377442068942583e-01
1.137256445027721580e-01
1.145716857541352468e-01
1.153962263651722581e-01
1.162307756762923500e-01
1.172374221613242812e-01
1.186910691723407352e-01
1.208210368455096273e-01
1.229485365213618675e-01
1.251660983666842419e-01
1.272101778750580614e-01
1.241839431264114141e-01
1.272384192735525610e-01
1.239901438038195497e-01
1.180111641078328694e-01
1.164020820470860335e-01
1.218753798242740854e-01
1.251239828418062305e-01
1.306962778515452506e-01
1.392605763782427952e-01
1.490947614631483453e-01
1.513269205679291518e-01
1.409843671391556585e-01
1.390779303849944137e-01
1.406212650222049554e-01
1.373883726751105872e-01
1.394052185364202667e-01
1.380389837194172797e-01
1.315275768074901930e-01
1.335572644700736833e-01
1.547268720711510448e-01
1.589863596051519501e-01
1.620170824602835957e-01
1.752097328583964442e-01
1.812892430453555970e-01
1.845185420405186794e-01
1.914578264720603884e-01
2.010319809748311592e-01
2.093968087156916902e-01
2.169294510052543756e-01
2.009236103308317534e-01
1.975874351118070971e-01
2.334841379741471323e-01
2.388216845286373069e-01
2.309441976340678437e-01
2.210297653600188927e-01
2.112371827197395691e-01
2.168699745035890525e-01
2.249928070487192955e-01
2.246135526137962024e-01
2.267944047015203468e-01
2.348247538403621104e-01
2.349170354745599432e-01
2.431751445907416320e-01
2.556547921037365945e-01
2.530527672008768270e-01
2.481269961000930613e-01
2.501234827998090049e-01
2.515103405860978358e-01
2.508558234826884781e-01
2.493031228344151085e-01
2.485577388921104691e-01
2.513340194783033610e-01
2.580299080673209566e-01
2.520200748553423353e-01
2.492007976069093023e-01
2.481028064670898758e-01
2.485661622181627450e-01
2.474306403466916271e-01
2.423716156521177334e-01
2.385872102420005525e-01
2.405692777707255925e-01
2.432476810859685312e-01
2.491429422632986945e-01
2.557950341674612438e-01
2.623835885871312334e-01
2.660678803969874773e-01
2.711605825065944164e-01
2.781238823072594291e-01
2.830830640758971173e-01
2.891675867864162974e-01
2.994859296231074941e-01
3.062494327391311333e-01
2.980054213284257236e-01
3.010283389959341749e-01
2.997371934668071058e-01
2.960323685455963916e-01
2.935119975171496809e-01
2.950997188319977593e-01
3.004410509955634523e-01
3.168689909643732094e-01
3.507379230588176799e-01
2.971112278427662234e-01
3.011004171500436533e-01
3.112303466828060805e-01
3.114252972169532230e-01
3.178596596458290735e-01
2.897452713344660924e-01
2.894488595992135704e-01
3.108960812304646382e-01
3.151590106346127129e-01
3.044763671322644472e-01
3.150385746434904988e-01
3.141323013536376774e-01
3.106485046035195041e-01
3.147001145845456649e-01
3.259783988360548390e-01
3.266156203735799957e-01
3.133256023836899495e-01
3.154234551355432625e-01
3.582341034964079407e-01
4.102519308207328019e-01
4.302885592135353710e-01
4.325083870788771767e-01
4.654890741450917746e-01
4.843619136394368696e-01
5.531639514790902545e-01
6.864868435802089497e-01
7.668309056237089250e-01
8.369091845480876035e-01
8.997599907205284797e-01
9.679549551814207176e-01
1.102631831721426758e+00
1.298830460159940969e+00
1.214065968990061251e+00
1.324714393056702910e+00
1.487085062531822821e+00
1.613399508083334100e+00
1.782551710207971984e+00
1.934930799128131707e+00
2.031962714010492999e+00
2.133390064039783152e+00
2.302374946429073699e+00
2.480649368384757913e+00
2.675907465189221401e+00
2.877118107669412339e+00
3.078278960160625743e+00
3.390545475162776157e+00
3.633227916186483775e+00
3.663126519056535635e+00
3.759209268816261051e+00
4.064383528284638558e+00
4.212171669653280937e+00
4.620105014536306065e+00
4.771902676620934258e+00
4.891540040124557898e+00
5.228956282597248872e+00
5.287192204288299280e+00
4.545801741238249427e+00
4.604596106941110989e+00
5.450789152031441098e+00
5.452005375071172999e+00
5.313308552068149559e+00
5.234646449714594141e+00
5.308354795823864158e+00
5.778352072870885259e+00
5.922333723936136884e+00
5.919605857166500229e+00
5.957282075785176545e+00
6.358945398954497286e+00
6.529962598914782923e+00
6.650130817022774643e+00
6.316365829524762887e+00
6.395736319473827258e+00
7.039599372190610715e+00
7.070766420163554500e+00
6.603368736601227695e+00
6.837698590017164513e+00
6.965885991532175581e+00
7.144664910196214080e+00
7.224266320569649125e+00
7.875530483069324461e+00
8.006598976831234893e+00
8.166832447366369152e+00
8.306799715667660067e+00
9.093519735429806516e+00
9.287777804217910216e+00
9.472343700502038999e+00
8.559413650173144816e+00
8.801255938342666951e+00
9.006558962664810153e+00
9.517726243226221072e+00
1.048190145184046074e+01
1.097201735305934100e+01
1.149954018076222440e+01
1.167850044560467815e+01
1.379753986747665806e+01
1.408094250725917362e+01
1.576987971662057575e+01
1.606122241812855123e+01
1.416938736458420323e+01
1.465770817118571401e+01
1.493210426599208240e+01
1.596492831407800850e+01
1.617400089501190052e+01
1.585288749084983628e+01
1.605414187251917824e+01
1.439596040610495109e+01
1.611912843583917976e+01
1.787599471582130306e+01
1.857607612782912199e+01
1.956710584602430814e+01
2.036634442185473404e+01
2.069390085286811498e+01
2.099444277186808350e+01
1.994348526553086742e+01
1.968566912854062423e+01
1.938515134351065683e+01
1.939249999758096266e+01
1.905611749255791310e+01
1.929547863749617420e+01
1.947791003412630317e+01
1.942094102720643534e+01
1.962153072436404244e+01
2.039864290013317571e+01
2.057452290460047450e+01
2.076739301887926104e+01
2.081100808503323307e+01
2.106951505629346855e+01
2.163090405085749168e+01
2.246324798198543604e+01
2.282475523640128046e+01
2.330861185622435983e+01
2.323715325241580487e+01
2.359821184519685389e+01
2.326138239981530020e+01
2.335569737284329150e+01
2.401349250308983585e+01
2.413703803090901800e+01
2.385624347552815294e+01
2.398927318010957777e+01
2.416496455757918937e+01
2.455904870213417723e+01
2.474548065905712235e+01
2.505328581602140403e+01
2.530740423843797871e+01
2.551887873117634697e+01
2.570881132234397981e+01
2.591917549528788101e+01
2.605570883609648902e+01
2.608879126461960141e+01
2.603428638605260659e+01
2.620117201393648187e+01
2.688935845101993749e+01
2.656489621474938190e+01
2.657207568717739932e+01
2.712647681531200305e+01
2.675525765752742657e+01
2.677917606796060568e+01
2.946348595073077803e+01
2.960221140522842731e+01
2.943624977574081214e+01
2.914854490091246930e+01
2.870697484685194922e+01
2.805973363902245765e+01
2.801357335742687837e+01
2.936786344416696437e+01
3.029470898248869659e+01
3.034606431323119580e+01
3.036724123801448272e+01
3.024867696926731497e+01
3.026229470927806275e+01
3.025585346102497653e+01
3.025541345387881265e+01
3.022154842504305350e+01
3.011647552350535406e+01
3.016611907416115201e+01
3.011917979373484755e+01
2.951721782755850398e+01
2.947970522499586465e+01
2.948141029110569633e+01
2.944396091993117182e+01
2.938263738717368057e+01
2.938782193656679809e+01
2.913276152287812337e+01
2.905378510729841679e+01
2.895724429358817176e+01
2.987364016521028631e+01
3.074085205364450601e+01
3.146744479152375362e+01
3.148921859018714997e+01
2.978140996096846038e+01
2.690853640392050750e+01
2.678783380510438761e+01
2.668910745383186978e+01
2.604016082057857417e+01
2.585208146313176414e+01
2.553662748870364396e+01
2.644761331662161652e+01
2.733766809947016085e+01
2.717989652305456616e+01
2.298487055832979209e+01
2.276002549355706606e+01
2.256108516079381232e+01
2.385467739102156415e+01
2.517927872109701681e+01
2.507678274510367800e+01
2.448170503911540408e+01
2.386222487804482384e+01
2.377212786544698631e+01
2.111414079806781174e+01
1.718039945821017156e+01
1.792669121379688590e+01
2.001192097268011949e+01
2.330637909191485235e+01
2.603659640487459725e+01
2.592810834587210422e+01
2.594405485239498788e+01
2.380181257354825064e+01
2.174316781996981618e+01
1.973619480877076526e+01
1.972653270726000230e+01
1.681752973511486360e+01
1.667822589554706170e+01
1.656011638907679995e+01
1.643486523725283988e+01
1.557546574123569805e+01
1.526420508173570134e+01
1.481406501718971924e+01
1.481813230667919967e+01
1.521755285594088924e+01
1.420927684670958158e+01
1.409962838440921473e+01
1.392138442287816780e+01
1.383272917417427550e+01
1.620626393404485910e+01
1.889241106300600848e+01
1.609593137484546332e+01
1.282848954941758635e+01
1.206718722134010235e+01
1.354097964037852186e+01
1.361673227313537815e+01
1.297362263892626721e+01
1.150195343343927945e+01
1.128766908746310271e+01
1.130326279160154179e+01
1.275500511384953661e+01
1.308280293376554404e+01
1.467281370479424396e+01
1.548110906312151336e+01
1.839304266106885066e+01
1.532255154462279734e+01
1.203398418191767227e+01
1.286635415714278885e+01
1.508356333997655341e+01
1.593021769195747162e+01
1.759395444045987489e+01
1.933183835248752658e+01
2.003106751476946101e+01
2.390390168404214322e+01
2.679938035282826547e+01
2.694527601876922773e+01
2.305924931771506081e+01
2.308357604632448457e+01
2.228508670403959968e+01
1.679554110354244045e+01
1.720352315070773841e+01
1.851621556886069087e+01
2.196785268679661840e+01
2.227686887659021053e+01
2.203435274283217638e+01
2.129611903369008630e+01
2.092174425347952038e+01
1.818858257615791629e+01
1.761968611560852338e+01
1.668653467190319617e+01
2.131985727510130246e+01
1.840522946113387448e+01
1.677265000701009612e+01
1.568320018722036124e+01
1.568387527467207221e+01
1.113559721860071328e+01
1.366343211234162958e+01
1.961081715943377546e+01
2.561835705788303130e+01
2.895775071666028566e+01
3.119748729875172089e+01
2.786310920499873234e+01
2.750639819972403899e+01
2.888890340819169467e+01
2.863333898899884389e+01
2.836130968457314694e+01
2.739337091087019971e+01
2.679863649994535280e+01
3.007947970799296300e+01
3.076693177199786788e+01
3.125874507488329357e+01
3.070392044915670127e+01
2.973728783693888289e+01
2.705904009052157733e+01
2.652709121441945683e+01
2.229311788289732021e+01
2.207147527781138052e+01
1.941359821362970450e+01
1.922687410611349890e+01
2.031201071801291391e+01
2.064713846271569153e+01
2.092813215359691270e+01
2.089519500889842263e+01
1.823673140594000586e+01
1.890527205810990097e+01
1.746420609729175055e+01
1.658649694515346695e+01
1.642875755660862680e+01
1.545043834279332984e+01
1.584120260609780217e+01
1.612668463589382739e+01
1.659161641234165785e+01
1.702805974087394603e+01
1.753701896236290381e+01
1.780900444413974881e+01
1.859157434620298943e+01
2.200119816574209253e+01
2.415685657605737902e+01
2.619376514883028406e+01
2.634123225370711197e+01
2.541158198370551347e+01
2.517625377597316216e+01
2.483366662091711419e+01
2.473945666723971470e+01
2.447008363217853955e+01
2.365077933949141809e+01
2.298901405968253542e+01
2.308201043988509582e+01
2.314389115581550627e+01
2.312059278006524821e+01
2.308484892146052658e+01
2.302160651569247207e+01
2.281388298153957450e+01
2.260295507830680961e+01
2.157815066869741827e+01
2.139004700151553706e+01
2.145734013937655860e+01
2.126791221514925923e+01
2.124053803875469626e+01
2.080543118423769400e+01
2.064240866179882161e+01
2.176407144092610224e+01
2.134157641715635734e+01
2.101258837716410355e+01
2.097644033870986391e+01
2.120922448049226006e+01
2.083558905274800566e+01
2.061878173177838747e+01
2.057425299636131655e+01
2.034449898767080356e+01
2.015879401174036190e+01
1.987515795916926464e+01
1.978722361475782421e+01
1.968070501933457450e+01
2.019381909013896603e+01
2.039948740622295986e+01
2.053877073017853405e+01
2.226832020977553483e+01
2.227518942618998565e+01
1.685249687766535232e+01
1.822335666170396351e+01
1.799436817883924888e+01
1.620506915385112379e+01
1.790444170754736319e+01
1.982300236041396602e+01
2.189071979153444403e+01
2.171968846388118024e+01
2.154899577884952322e+01
1.532339867885840157e+01
1.505903996703403003e+01
1.486446229394820762e+01
2.217205369392860703e+01
2.200287751176471218e+01
2.146305736042011958e+01
2.043623820870897134e+01
2.000350329073044975e+01
2.097873907636134305e+01
2.067032857452247185e+01
2.012290692002970971e+01
1.963770230183279963e+01
1.931952263034959927e+01
1.881712363714006742e+01
1.842114944853777558e+01
1.816970648130865840e+01
1.792369898761405267e+01
1.558700334426670508e+01
1.504611558504876179e+01
1.484050007798847659e+01
1.465934811339939614e+01
1.353906109620212384e+01
1.249308327473403857e+01
1.232729210014467114e+01
1.266026158453949080e+01
1.215116106760698500e+01
1.085016813276563497e+01
8.580177541951462317e+00
7.727154829280340032e+00
7.735926364524456922e+00
7.548730723289459377e+00
8.798082466534804524e+00
8.570726567980672783e+00
9.151049417656993867e+00
9.783754294277803965e+00
9.533577925483282201e+00
7.624124994209010353e+00
7.238186891535971057e+00
6.978433332301613667e+00
6.733592302318998080e+00
6.519748245757953420e+00
6.344050118488941514e+00
7.850254232913870922e+00
7.605249876066741521e+00
6.049092474721320833e+00
5.766454129929338812e+00
5.855046661428063182e+00
5.493618153157814099e+00
4.810811190133638782e+00
4.546583123881291044e+00
4.506317319355533257e+00
4.255400072733926287e+00
4.004822476628313588e+00
3.856793168469636157e+00
3.703336583731104970e+00
3.544268124412706555e+00
3.423791891789899733e+00
3.320031936473027745e+00
3.212619517746890363e+00
3.115047585221820015e+00
3.032969512868943784e+00
2.820555683461310359e+00
2.441475357114303968e+00
2.128263538902742891e+00
1.852410957270924863e+00
1.622647777435063832e+00
1.535906747523180904e+00
1.848148621345571119e+00
1.728027905020997013e+00
1.599917257869027498e+00
1.452689920381493138e+00
1.318338098544078019e+00
1.203259124354738807e+00
1.107225234374025202e+00
1.001622072897808025e+00
9.356199890892007431e-01
8.583870921269752818e-01
8.057495393161860919e-01
6.459375945353168502e-01
7.341902774258598496e-01
6.287136018313340680e-01
4.678327251704926248e-01
4.562390838064859788e-01
4.427816102928162634e-01
4.314914760554190987e-01
4.132372458830618767e-01
3.905005046993046403e-01
3.688009130003967462e-01
3.473042129082509755e-01
3.341190136985989212e-01
3.164661288928434790e-01
3.110393003064261253e-01
3.244906259461683984e-01
3.161538710163216970e-01
3.068569202767592596e-01
3.026079713492221268e-01
2.970386404028201310e-01
3.072786758435999688e-01
3.018884577267595959e-01
2.985929040303270665e-01
2.944222554173651085e-01
3.035343019302771395e-01
2.886011895797755966e-01
2.748723798806132490e-01
2.738667733378201685e-01
2.709398948332309986e-01
2.805728899149814159e-01
2.781566692058753398e-01
2.756158408594622800e-01
2.731889124923030376e-01
2.629232605470115391e-01
2.601347203643784023e-01
2.691097261882553493e-01
2.792523024421012523e-01
2.781390634330145883e-01
2.728183425054976352e-01
2.722261146250586905e-01
2.793966639042744782e-01
2.766998695368583228e-01
2.746135202984585910e-01
2.864503893678777002e-01
2.971416855111877475e-01
2.948004389171170470e-01
2.992062490029410160e-01
2.840873814406228992e-01
2.434280459691206544e-01
2.323068124935107892e-01
2.505048563395363970e-01
2.472363500482862575e-01
2.358066882605837078e-01
2.260585099668860343e-01
2.217102094059414663e-01
2.226979238475359779e-01
2.298997869811230665e-01
2.368146649657397185e-01
2.326788009161025739e-01
2.548414626609645794e-01
2.501874764238514182e-01
2.496279367124001614e-01
2.451733550392841687e-01
2.391918543555469068e-01
2.344923409823579108e-01
2.358493579968803378e-01
2.366418261499768638e-01
2.306473876933276268e-01
2.248065701605574118e-01
2.279004286695415216e-01
2.225484059366862888e-01
2.119628528780521104e-01
2.062914042879858689e-01
1.999379065875573902e-01
2.022841153658533897e-01
2.024367077265864234e-01
1.910508123273903236e-01
1.861686605010732243e-01
1.862287967033786906e-01
1.813370448583586092e-01
1.787453619746763867e-01
1.761324155549922332e-01
1.721462897162771011e-01
1.929938307524219909e-01
2.172731389576638417e-01
2.129772055824033783e-01
1.737062014423269574e-01
1.648518105524590383e-01
1.655926624100067246e-01
1.626279457847331911e-01
1.559295846406963393e-01
1.684685026855342327e-01
1.900024632218370868e-01
1.748919707960831516e-01
1.572936043605739631e-01
1.467027076211003811e-01
1.364629550622115661e-01
1.343836107686068315e-01
1.237630624105845734e-01
1.191378070847624038e-01
1.136488746746082690e-01
1.110048781154826525e-01
1.098271276704919502e-01
1.107218437028610059e-01
1.116858415718217645e-01
1.102135353102505350e-01
1.101582136531990830e-01
1.089855697509127114e-01
1.043428406491149346e-01
1.032669656463157115e-01
1.036656507624671292e-01
1.023618188733387419e-01
1.014248612129925731e-01
9.803782657162586622e-02
9.459125649201523267e-02
9.612869851305366753e-02
9.753181992356338426e-02
9.644058451374484808e-02
8.500501413279279439e-02
8.362977132987954587e-02
8.224020942709438231e-02
8.092986520122687211e-02
7.938620540761533173e-02
7.654724405200875881e-02
7.507659649824913184e-02
7.424033472588879856e-02
7.478355079512190307e-02
7.336105276711026024e-02
7.195280794756916953e-02
7.117114994692078089e-02
7.024282030042647285e-02
6.955019167520634649e-02
6.868905939870989519e-02
6.777768493454182364e-02
6.652699001313643057e-02
6.575814503873815553e-02
6.390209232689009200e-02
6.302203383351674681e-02
6.285700138056099506e-02
6.235726927079147941e-02
6.299627294258984544e-02
6.238429394984439796e-02
6.167492863811298298e-02
6.059057887135118475e-02
5.803648790644344579e-02
5.719768500012461371e-02
5.647837389082990128e-02
5.542180922873659460e-02
5.468632819981687765e-02
5.589932610898198234e-02
5.527090265249210571e-02
5.487261722458535579e-02
5.661303075943265734e-02
5.798378052907620511e-02
6.279384811496695196e-02
5.753416000311283723e-02
5.703075350804229227e-02
5.747676290418674699e-02
6.100763551445237409e-02
6.313157601792132589e-02
6.338664131756045761e-02
6.341271881711926794e-02
5.721661891887769996e-02
5.737635398086191746e-02
5.747136156138558938e-02
5.753751511338617980e-02
5.712221365623648683e-02
5.717837750866036628e-02
5.826100181018904062e-02
5.809472768919770463e-02
5.753755620962736766e-02
5.849709608959809820e-02
5.912846972004399959e-02
5.937214532538746120e-02
5.946444358075678172e-02
