# Radius of the maximum total reconnection rate during the 2023/10/10 - 2023/10/11 storm
8.390669219145017621e+00
8.390669219145017621e+00
8.390669219145017621e+00
8.390669219145017621e+00
8.390669219145017621e+00
8.390669219145017621e+00
8.390669219145017621e+00
8.390669219145017621e+00
8.390669219145017621e+00
8.390669219145017621e+00
8.390669219145017621e+00
8.390669219145017621e+00
8.390669219145017621e+00
8.390669219145017621e+00
8.390669219145017621e+00
8.390669219145017621e+00
8.390669219145017621e+00
8.390669219145017621e+00
8.390669219145017621e+00
8.390669219145017621e+00
8.390669219145017621e+00
8.390669219145017621e+00
8.261957437527708947e+00
6.476860278962451645e+00
6.476860278962451645e+00
6.474843572589691121e+00
6.474843572589691121e+00
6.474843572589691121e+00
6.473078439102405213e+00
6.473078439102405213e+00
6.434891423578041447e+00
6.395197666338580333e+00
6.395197666338580333e+00
6.355767142085888999e+00
6.355767142085888999e+00
6.317638470482036972e+00
6.279535648805621761e+00
6.279535648805621761e+00
6.240412841734829463e+00
8.144935411572705064e+00
8.144935411572705064e+00
6.240412841734829463e+00
6.201567069743687988e+00
8.103634366651847998e+00
8.103634366651847998e+00
8.062524682296654532e+00
8.064751636301279447e+00
8.064751636301279447e+00
8.062524682296654532e+00
8.062524682296654532e+00
8.064751636301279447e+00
8.064751636301279447e+00
8.064751636301279447e+00
8.064751636301279447e+00
8.064751636301279447e+00
8.062524682296654532e+00
8.064751636301279447e+00
8.064751636301279447e+00
8.064751636301279447e+00
8.064751636301279447e+00
8.064751636301279447e+00
8.064751636301279447e+00
8.064751636301279447e+00
8.064751636301279447e+00
8.064751636301279447e+00
8.064751636301279447e+00
8.064751636301279447e+00
8.062524682296654532e+00
8.064751636301279447e+00
8.025881895697038360e+00
8.025881895697038360e+00
8.025881895697038360e+00
8.025881895697038360e+00
8.025881895697038360e+00
8.025881895697038360e+00
8.025881895697038360e+00
8.025881895697038360e+00
8.023644153444001503e+00
8.023644153444001503e+00
8.023644153444001503e+00
8.023644153444001503e+00
8.021609300600266224e+00
8.021609300600266224e+00
8.021609300600266224e+00
8.021609300600266224e+00
8.021609300600266224e+00
8.021609300600266224e+00
7.982731942232562439e+00
7.982731942232562439e+00
7.982731942232562439e+00
7.980891209939062314e+00
7.980891209939062314e+00
7.980891209939062314e+00
7.980891209939062314e+00
7.980891209939062314e+00
7.979254646969668130e+00
7.940373445428148713e+00
7.940373445428148713e+00
7.940373445428148713e+00
7.940373445428148713e+00
7.940373445428148713e+00
7.940373445428148713e+00
7.938934162853782617e+00
7.900059089361952225e+00
7.898819138177474386e+00
7.859951271638539794e+00
7.820053170166185730e+00
7.781207250956620136e+00
7.703557126639449137e+00
7.702709426659536618e+00
7.663901352085211727e+00
7.586328723777493011e+00
7.508815621812111374e+00
7.353975524572177846e+00
7.199396909144864409e+00
7.045096987307100989e+00
6.930508406183936820e+00
6.892042006788066999e+00
6.816366856563789156e+00
6.777967992196228586e+00
6.741043328936073387e+00
6.741043328936073387e+00
6.741043328936073387e+00
6.704399856551107817e+00
6.704399856551107817e+00
6.668042210800970260e+00
6.668042210800970260e+00
6.668042210800970260e+00
6.631975092541924077e+00
6.634436174816658038e+00
6.631975092541924077e+00
6.631975092541924077e+00
6.631975092541924077e+00
6.631975092541924077e+00
6.631975092541924077e+00
6.631975092541924077e+00
6.631975092541924077e+00
6.631975092541924077e+00
6.631975092541924077e+00
6.631975092541924077e+00
6.631975092541924077e+00
6.631975092541924077e+00
4.802741863454711435e+00
6.666083343412978479e+00
6.666083343412978479e+00
4.802741863454711435e+00
4.802741863454711435e+00
4.802741863454711435e+00
4.766430890498565276e+00
4.766430890498565276e+00
4.766430890498565276e+00
4.766430890498565276e+00
4.766430890498565276e+00
4.766430890498565276e+00
4.766430890498565276e+00
6.738378919295958447e+00
6.776763625686442971e+00
6.776763625686442971e+00
6.814211059734196496e+00
6.814211059734196496e+00
6.815169275847196673e+00
6.852642674781653120e+00
6.891094479941739515e+00
6.891094479941739515e+00
6.929566139112783851e+00
6.968057323444134532e+00
7.045096987307100989e+00
7.083644843712787242e+00
7.160795096864543297e+00
7.199396909144864409e+00
7.238016132417779858e+00
7.276652489468320439e+00
7.315305708816347341e+00
7.315305708816347341e+00
7.392661676296452988e+00
7.431363908864105028e+00
7.431363908864105028e+00
7.392661676296452988e+00
7.315305708816347341e+00
7.276652489468320439e+00
7.200303864924896047e+00
7.161706941164728057e+00
7.161706941164728057e+00
7.123127762199113810e+00
7.123127762199113810e+00
7.123127762199113810e+00
7.123127762199113810e+00
7.199396909144864409e+00
7.161706941164728057e+00
7.161706941164728057e+00
7.238918249641158376e+00
7.277549817372140240e+00
7.316198295924517758e+00
7.354863418708358580e+00
7.393544924596728407e+00
7.432242557789389359e+00
7.470956067680464052e+00
7.509685208729949046e+00
7.548429740338931992e+00
7.587189426728398800e+00
7.587189426728398800e+00
7.625964036821524239e+00
7.664753344129301205e+00
7.704616620456021359e+00
7.743429349253039717e+00
7.782256173318223169e+00
7.782256173318223169e+00
7.782256173318223169e+00
7.782256173318223169e+00
7.821096882729168698e+00
7.822349153982298020e+00
7.822349153982298020e+00
7.861197353476375049e+00
7.861197353476375049e+00
7.861197353476375049e+00
7.861197353476375049e+00
7.861197353476375049e+00
7.861197353476375049e+00
7.822349153982298020e+00
7.822349153982298020e+00
7.822349153982298020e+00
7.822349153982298020e+00
7.783514693563651221e+00
7.783514693563651221e+00
7.783514693563651221e+00
7.782256173318223169e+00
7.782256173318223169e+00
7.782256173318223169e+00
7.743429349253039717e+00
7.743429349253039717e+00
7.704616620456021359e+00
7.704616620456021359e+00
7.664753344129301205e+00
7.625964036821524239e+00
7.587189426728398800e+00
7.548429740338931992e+00
7.509685208729949046e+00
7.470081972332282660e+00
7.392661676296452988e+00
7.431363908864105028e+00
7.470081972332282660e+00
7.431363908864105028e+00
7.431363908864105028e+00
7.393544924596728407e+00
7.470956067680464052e+00
7.548429740338931992e+00
7.587189426728398800e+00
7.665818201024012346e+00
7.704616620456021359e+00
7.782256173318223169e+00
7.783514693563651221e+00
7.822349153982298020e+00
7.822349153982298020e+00
7.861197353476375049e+00
7.861197353476375049e+00
7.861197353476375049e+00
7.862650866027154350e+00
7.862650866027154350e+00
7.862650866027154350e+00
7.901505453149038516e+00
7.901505453149038516e+00
7.901505453149038516e+00
7.901505453149038516e+00
7.901505453149038516e+00
7.901505453149038516e+00
7.940373445428148713e+00
7.940373445428148713e+00
7.940373445428148713e+00
7.940373445428148713e+00
7.940373445428148713e+00
7.940373445428148713e+00
7.940373445428148713e+00
7.940373445428148713e+00
7.940373445428148713e+00
7.940373445428148713e+00
7.901505453149038516e+00
7.901505453149038516e+00
7.901505453149038516e+00
7.901505453149038516e+00
7.901505453149038516e+00
7.901505453149038516e+00
7.901505453149038516e+00
7.901505453149038516e+00
7.901505453149038516e+00
7.900059089361952225e+00
7.900059089361952225e+00
7.862650866027154350e+00
7.861197353476375049e+00
7.861197353476375049e+00
7.861197353476375049e+00
7.861197353476375049e+00
7.861197353476375049e+00
7.861197353476375049e+00
7.861197353476375049e+00
7.861197353476375049e+00
7.861197353476375049e+00
7.822349153982298020e+00
7.822349153982298020e+00
7.822349153982298020e+00
7.822349153982298020e+00
7.822349153982298020e+00
7.822349153982298020e+00
7.822349153982298020e+00
7.822349153982298020e+00
7.822349153982298020e+00
7.822349153982298020e+00
7.821096882729168698e+00
7.782256173318223169e+00
7.783514693563651221e+00
7.743429349253039717e+00
7.743429349253039717e+00
7.704616620456021359e+00
7.704616620456021359e+00
7.703557126639449137e+00
7.703557126639449137e+00
7.704616620456021359e+00
7.704616620456021359e+00
7.704616620456021359e+00
7.704616620456021359e+00
7.704616620456021359e+00
7.703557126639449137e+00
7.703557126639449137e+00
7.703557126639449137e+00
7.664753344129301205e+00
7.664753344129301205e+00
7.664753344129301205e+00
7.664753344129301205e+00
7.664753344129301205e+00
7.625964036821524239e+00
7.625964036821524239e+00
7.625964036821524239e+00
7.625964036821524239e+00
7.625964036821524239e+00
7.625964036821524239e+00
4.586735070592043328e+00
7.625964036821524239e+00
7.664753344129301205e+00
7.664753344129301205e+00
7.664753344129301205e+00
7.703557126639449137e+00
7.704616620456021359e+00
7.743429349253039717e+00
7.743429349253039717e+00
7.743429349253039717e+00
7.704616620456021359e+00
7.704616620456021359e+00
7.704616620456021359e+00
7.704616620456021359e+00
7.665818201024012346e+00
7.665818201024012346e+00
7.664753344129301205e+00
7.625964036821524239e+00
4.574974808679812988e+00
7.625964036821524239e+00
4.552439038960598872e+00
4.552439038960598872e+00
4.552439038960598872e+00
4.552439038960598872e+00
4.552439038960598872e+00
4.552439038960598872e+00
4.576231590684098016e+00
4.576231590684098016e+00
4.552439038960598872e+00
4.552439038960598872e+00
4.552439038960598872e+00
4.576231590684098016e+00
4.576231590684098016e+00
4.576231590684098016e+00
4.576231590684098016e+00
4.586921054523763530e+00
4.586921054523763530e+00
4.586921054523763530e+00
4.586921054523763530e+00
4.586921054523763530e+00
4.586921054523763530e+00
4.563541975842090537e+00
4.574974808679812988e+00
4.563541975842090537e+00
4.563541975842090537e+00
7.625107710652188509e+00
7.625964036821524239e+00
7.664753344129301205e+00
7.664753344129301205e+00
7.664753344129301205e+00
7.703557126639449137e+00
7.703557126639449137e+00
7.703557126639449137e+00
7.703557126639449137e+00
7.703557126639449137e+00
7.703557126639449137e+00
7.703557126639449137e+00
7.703557126639449137e+00
7.703557126639449137e+00
7.703557126639449137e+00
7.703557126639449137e+00
7.703557126639449137e+00
7.703557126639449137e+00
7.703557126639449137e+00
7.703557126639449137e+00
7.703557126639449137e+00
7.703557126639449137e+00
7.703557126639449137e+00
7.703557126639449137e+00
7.703557126639449137e+00
7.703557126639449137e+00
7.703557126639449137e+00
7.664753344129301205e+00
7.703557126639449137e+00
7.703557126639449137e+00
7.703557126639449137e+00
7.703557126639449137e+00
7.703557126639449137e+00
7.703557126639449137e+00
7.703557126639449137e+00
7.703557126639449137e+00
7.703557126639449137e+00
7.703557126639449137e+00
7.703557126639449137e+00
7.703557126639449137e+00
7.702709426659536618e+00
7.702709426659536618e+00
7.702709426659536618e+00
7.740899069961450607e+00
7.740899069961450607e+00
7.740899069961450607e+00
7.740899069961450607e+00
7.740899069961450607e+00
7.740899069961450607e+00
7.740899069961450607e+00
7.741531717316404659e+00
7.741531717316404659e+00
7.741531717316404659e+00
7.740899069961450607e+00
7.740899069961450607e+00
7.740899069961450607e+00
7.740477276331619194e+00
7.740477276331619194e+00
7.740899069961450607e+00
7.740899069961450607e+00
7.740899069961450607e+00
7.740899069961450607e+00
7.740477276331619194e+00
7.740477276331619194e+00
7.740477276331619194e+00
7.740477276331619194e+00
7.740477276331619194e+00
7.740477276331619194e+00
7.779108981928486877e+00
7.740266370897336046e+00
7.740266370897336046e+00
7.779318834299209229e+00
7.779318834299209229e+00
7.740266370897336046e+00
7.701649670475797294e+00
7.702073590447175988e+00
7.702073590447175988e+00
7.702073590447175988e+00
7.702073590447175988e+00
7.779318834299209229e+00
7.779318834299209229e+00
7.858081778390628713e+00
7.858081778390628713e+00
7.858081778390628713e+00
7.858081778390628713e+00
7.858081778390628713e+00
7.858081778390628713e+00
7.858081778390628713e+00
7.858081778390628713e+00
7.818591738509730327e+00
7.818591738509730327e+00
7.818591738509730327e+00
7.819218099808857403e+00
7.820053170166185730e+00
7.821096882729168698e+00
4.704814993596102113e+00
4.704814993596102113e+00
7.792947116990379897e+00
4.691959092359481609e+00
4.691959092359481609e+00
4.691959092359481609e+00
4.657907719758289211e+00
4.657907719758289211e+00
4.657907719758289211e+00
4.657907719758289211e+00
4.657907719758289211e+00
7.769318765694821494e+00
7.769318765694821494e+00
7.769318765694821494e+00
7.769318765694821494e+00
7.769318765694821494e+00
7.769318765694821494e+00
7.769318765694821494e+00
7.769318765694821494e+00
7.769318765694821494e+00
7.769318765694821494e+00
4.583147755835184967e+00
4.583147755835184967e+00
4.590103425134574699e+00
4.569592364671412277e+00
4.569592364671412277e+00
4.569592364671412277e+00
4.569592364671412277e+00
4.569592364671412277e+00
4.563675105129872733e+00
4.583147755835184967e+00
4.583147755835184967e+00
4.569592364671412277e+00
4.569592364671412277e+00
4.590103425134574699e+00
4.590103425134574699e+00
4.590103425134574699e+00
4.623955100214855563e+00
4.632957073563917838e+00
4.632957073563917838e+00
4.623955100214855563e+00
4.623955100214855563e+00
7.673882277522092288e+00
7.711382777210805450e+00
7.711382777210805450e+00
7.748910356022275181e+00
7.748910356022275181e+00
7.786464622425581794e+00
7.786464622425581794e+00
7.824045192131184656e+00
7.824045192131184656e+00
7.861651687930923060e+00
7.861651687930923060e+00
7.861651687930923060e+00
7.861651687930923060e+00
7.861651687930923060e+00
7.844258125904548962e+00
7.861651687930923060e+00
7.861651687930923060e+00
7.861651687930923060e+00
7.861651687930923060e+00
7.824045192131184656e+00
7.824045192131184656e+00
7.861651687930923060e+00
7.861651687930923060e+00
7.861651687930923060e+00
7.824045192131184656e+00
7.824045192131184656e+00
7.824045192131184656e+00
7.824045192131184656e+00
7.824045192131184656e+00
7.786464622425581794e+00
7.786464622425581794e+00
7.748910356022275181e+00
7.748910356022275181e+00
7.711382777210805450e+00
7.711382777210805450e+00
7.673882277522092288e+00
7.673882277522092288e+00
7.673882277522092288e+00
7.673882277522092288e+00
7.673882277522092288e+00
7.673882277522092288e+00
7.673882277522092288e+00
7.636409255892584902e+00
7.636409255892584902e+00
7.636409255892584902e+00
7.636409255892584902e+00
7.636409255892584902e+00
7.673882277522092288e+00
7.673882277522092288e+00
7.673882277522092288e+00
7.673882277522092288e+00
7.673882277522092288e+00
7.673882277522092288e+00
7.673882277522092288e+00
7.636409255892584902e+00
7.636409255892584902e+00
7.636409255892584902e+00
7.673882277522092288e+00
7.673882277522092288e+00
7.673882277522092288e+00
7.673882277522092288e+00
7.673882277522092288e+00
7.673882277522092288e+00
7.673882277522092288e+00
7.673882277522092288e+00
7.711382777210805450e+00
7.673882277522092288e+00
7.673882277522092288e+00
7.673882277522092288e+00
7.673882277522092288e+00
7.673882277522092288e+00
7.673882277522092288e+00
7.673882277522092288e+00
7.673882277522092288e+00
7.673882277522092288e+00
7.673882277522092288e+00
7.673882277522092288e+00
7.673882277522092288e+00
7.673882277522092288e+00
7.673882277522092288e+00
7.711382777210805450e+00
7.711382777210805450e+00
7.748910356022275181e+00
7.786464622425581794e+00
7.861651687930923060e+00
8.012329627130412746e+00
8.182768668873993789e+00
8.333846267556921816e+00
8.409520338426924368e+00
8.409520338426924368e+00
8.409520338426924368e+00
8.409520338426924368e+00
8.409520338426924368e+00
8.409520338426924368e+00
8.409520338426924368e+00
8.409520338426924368e+00
8.409520338426924368e+00
8.409520338426924368e+00
8.409520338426924368e+00
8.409520338426924368e+00
8.409520338426924368e+00
8.409520338426924368e+00
8.400002895670983349e+00
8.400002895670983349e+00
8.400002895670983349e+00
8.400002895670983349e+00
8.400002895670983349e+00
8.400002895670983349e+00
8.400002895670983349e+00
8.400002895670983349e+00
8.400002895670983349e+00
8.400002895670983349e+00
8.400002895670983349e+00
8.400002895670983349e+00
8.400002895670983349e+00
8.400002895670983349e+00
8.400002895670983349e+00
8.400002895670983349e+00
8.400002895670983349e+00
8.400002895670983349e+00
8.400002895670983349e+00
8.400002895670983349e+00
8.400002895670983349e+00
8.400002895670983349e+00
8.400002895670983349e+00
8.400002895670983349e+00
8.400002895670983349e+00
8.400002895670983349e+00
8.400002895670983349e+00
8.400002895670983349e+00
8.400002895670983349e+00
8.400002895670983349e+00
8.400002895670983349e+00
8.400002895670983349e+00
8.400002895670983349e+00
8.400002895670983349e+00
8.400002895670983349e+00
8.400002895670983349e+00
8.400002895670983349e+00
8.400002895670983349e+00
8.400002895670983349e+00
8.400002895670983349e+00
8.400002895670983349e+00
8.400002895670983349e+00
8.400002895670983349e+00
8.400002895670983349e+00
8.400002895670983349e+00
8.400002895670983349e+00
8.400002895670983349e+00
8.400002895670983349e+00
8.400002895670983349e+00
8.400002895670983349e+00
8.400002895670983349e+00
8.400002895670983349e+00
8.400002895670983349e+00
8.475849003189285469e+00
8.400002895670983349e+00
8.439948539768680646e+00
8.475849003189285469e+00
8.475849003189285469e+00
8.475849003189285469e+00
8.475849003189285469e+00
8.439948539768680646e+00
8.475849003189285469e+00
8.439948539768680646e+00
8.475849003189285469e+00
8.475849003189285469e+00
8.439948539768680646e+00
8.439948539768680646e+00
8.439948539768680646e+00
8.423103864149751985e+00
8.414959883555765074e+00
8.407002197597739368e+00
8.423103864149751985e+00
8.423103864149751985e+00
8.431433599549841063e+00
8.431433599549841063e+00
8.439948539768680646e+00
8.431433599549841063e+00
8.431433599549841063e+00
8.431433599549841063e+00
8.431433599549841063e+00
8.414959883555765074e+00
8.414959883555765074e+00
8.414959883555765074e+00
8.423103864149751985e+00
8.423103864149751985e+00
8.414959883555765074e+00
8.423103864149751985e+00
8.423103864149751985e+00
8.423103864149751985e+00
8.431433599549841063e+00
8.431433599549841063e+00
8.431433599549841063e+00
8.431433599549841063e+00
8.423103864149751985e+00
8.423103864149751985e+00
8.423103864149751985e+00
8.423103864149751985e+00
8.423103864149751985e+00
8.414959883555765074e+00
8.423103864149751985e+00
8.414959883555765074e+00
8.414959883555765074e+00
8.414959883555765074e+00
8.414959883555765074e+00
8.414959883555765074e+00
8.414959883555765074e+00
8.407002197597739368e+00
8.407002197597739368e+00
8.414959883555765074e+00
8.423103864149751985e+00
8.414959883555765074e+00
8.414959883555765074e+00
8.423103864149751985e+00
8.414959883555765074e+00
8.414959883555765074e+00
8.437915404012287013e+00
8.437915404012287013e+00
8.437915404012287013e+00
8.448648124832214279e+00
8.439948539768680646e+00
8.423103864149751985e+00
8.423103864149751985e+00
8.439948539768680646e+00
8.437915404012287013e+00
8.437915404012287013e+00
8.437915404012287013e+00
8.437915404012287013e+00
8.457531784952408316e+00
8.419515659103156580e+00
8.448648124832214279e+00
8.448648124832214279e+00
8.439948539768680646e+00
8.439948539768680646e+00
8.439948539768680646e+00
8.431433599549841063e+00
8.431433599549841063e+00
8.431433599549841063e+00
8.431433599549841063e+00
8.431433599549841063e+00
8.431433599549841063e+00
8.423103864149751985e+00
8.423103864149751985e+00
8.423103864149751985e+00
8.431433599549841063e+00
8.448648124832214279e+00
8.437915404012287013e+00
8.437915404012287013e+00
8.431433599549841063e+00
8.407002197597739368e+00
8.407002197597739368e+00
8.407002197597739368e+00
8.399231335779216323e+00
8.399231335779216323e+00
8.399231335779216323e+00
8.407002197597739368e+00
8.414959883555765074e+00
8.407002197597739368e+00
8.384252149945512045e+00
8.384252149945512045e+00
8.377044831817128667e+00
8.384252149945512045e+00
8.391647817110758467e+00
8.391647817110758467e+00
8.391647817110758467e+00
8.391647817110758467e+00
8.391647817110758467e+00
8.377044831817128667e+00
7.769318765694821494e+00
8.356557781363692428e+00
8.370026349280157874e+00
8.391647817110758467e+00
8.407002197597739368e+00
8.407002197597739368e+00
8.407002197597739368e+00
8.391647817110758467e+00
8.384252149945512045e+00
8.377044831817128667e+00
8.377044831817128667e+00
8.356557781363692428e+00
8.363197177753022515e+00
8.356557781363692428e+00
8.363197177753022515e+00
8.343850113151829007e+00
8.350108612798157637e+00
8.343850113151829007e+00
8.437915404012287013e+00
8.437915404012287013e+00
8.475849003189285469e+00
8.475849003189285469e+00
8.350108612798157637e+00
8.356557781363692428e+00
8.475849003189285469e+00
8.475849003189285469e+00
8.475849003189285469e+00
8.475849003189285469e+00
8.363197177753022515e+00
8.377044831817128667e+00
8.377044831817128667e+00
8.377044831817128667e+00
8.363197177753022515e+00
8.370026349280157874e+00
8.370026349280157874e+00
8.377044831817128667e+00
8.384252149945512045e+00
8.391647817110758467e+00
8.391647817110758467e+00
8.407002197597739368e+00
8.391647817110758467e+00
8.377044831817128667e+00
8.384252149945512045e+00
8.391647817110758467e+00
8.399231335779216323e+00
8.407002197597739368e+00
8.423103864149751985e+00
8.423103864149751985e+00
8.439948539768680646e+00
8.457531784952408316e+00
8.457531784952408316e+00
8.431433599549841063e+00
8.431433599549841063e+00
8.431433599549841063e+00
8.407002197597739368e+00
8.407002197597739368e+00
8.414959883555765074e+00
8.431433599549841063e+00
8.439948539768680646e+00
8.431433599549841063e+00
8.431433599549841063e+00
8.431433599549841063e+00
8.414959883555765074e+00
8.414959883555765074e+00
8.407002197597739368e+00
8.439948539768680646e+00
8.423103864149751985e+00
8.414959883555765074e+00
8.414959883555765074e+00
8.414959883555765074e+00
8.384252149945512045e+00
8.407002197597739368e+00
8.431433599549841063e+00
8.485281374238569541e+00
8.485281374238569541e+00
8.485281374238569541e+00
8.485281374238569541e+00
8.485281374238569541e+00
8.485281374238569541e+00
8.485281374238569541e+00
8.485281374238569541e+00
8.485281374238569541e+00
8.485281374238569541e+00
8.485281374238569541e+00
8.485281374238569541e+00
8.485281374238569541e+00
8.485281374238569541e+00
8.485281374238569541e+00
8.485281374238569541e+00
8.485281374238569541e+00
8.466598940701725695e+00
8.457531784952408316e+00
8.439948539768680646e+00
8.439948539768680646e+00
8.439948539768680646e+00
8.439948539768680646e+00
8.439948539768680646e+00
8.439948539768680646e+00
8.423103864149751985e+00
8.423103864149751985e+00
8.414959883555765074e+00
8.407002197597739368e+00
8.407002197597739368e+00
8.399231335779216323e+00
8.399231335779216323e+00
8.399231335779216323e+00
8.399231335779216323e+00
8.399231335779216323e+00
8.407002197597739368e+00
8.407002197597739368e+00
8.414959883555765074e+00
8.423103864149751985e+00
8.439948539768680646e+00
8.475849003189285469e+00
8.475849003189285469e+00
8.475849003189285469e+00
8.475849003189285469e+00
8.448648124832214279e+00
8.448648124832214279e+00
8.475849003189285469e+00
8.475849003189285469e+00
8.475849003189285469e+00
8.475849003189285469e+00
8.475849003189285469e+00
8.475849003189285469e+00
8.448648124832214279e+00
8.431433599549841063e+00
8.431433599549841063e+00
8.423103864149751985e+00
8.448648124832214279e+00
8.448648124832214279e+00
8.431433599549841063e+00
8.431433599549841063e+00
8.423103864149751985e+00
8.423103864149751985e+00
8.414959883555765074e+00
8.384252149945512045e+00
8.384252149945512045e+00
8.399231335779216323e+00
8.407002197597739368e+00
8.384252149945512045e+00
8.377044831817128667e+00
8.363197177753022515e+00
8.363197177753022515e+00
8.370026349280157874e+00
8.384252149945512045e+00
8.399231335779216323e+00
8.407002197597739368e+00
8.414959883555765074e+00
8.439948539768680646e+00
8.448648124832214279e+00
8.475849003189285469e+00
8.448648124832214279e+00
8.475849003189285469e+00
8.475849003189285469e+00
8.475849003189285469e+00
8.475849003189285469e+00
8.475849003189285469e+00
8.475849003189285469e+00
8.475849003189285469e+00
8.475849003189285469e+00
8.475849003189285469e+00
8.475849003189285469e+00
8.475849003189285469e+00
8.475849003189285469e+00
8.475849003189285469e+00
8.448648124832214279e+00
8.448648124832214279e+00
8.475849003189285469e+00
8.475849003189285469e+00
8.475849003189285469e+00
8.475849003189285469e+00
8.475849003189285469e+00
8.448648124832214279e+00
8.439948539768680646e+00
8.439948539768680646e+00
8.431433599549841063e+00
8.414959883555765074e+00
8.407002197597739368e+00
8.407002197597739368e+00
8.475849003189285469e+00
8.475849003189285469e+00
8.431433599549841063e+00
8.423103864149751985e+00
8.439948539768680646e+00
8.475849003189285469e+00
8.400002895670983349e+00
8.400002895670983349e+00
8.400002895670983349e+00
8.400002895670983349e+00
8.400002895670983349e+00
8.400002895670983349e+00
8.400002895670983349e+00
8.400002895670983349e+00
8.400002895670983349e+00
8.400002895670983349e+00
8.400002895670983349e+00
8.400002895670983349e+00
8.400002895670983349e+00
8.400002895670983349e+00
8.400002895670983349e+00
8.400002895670983349e+00
8.400002895670983349e+00
8.400002895670983349e+00
8.400002895670983349e+00
8.400002895670983349e+00
8.400002895670983349e+00
8.400002895670983349e+00
8.409520338426924368e+00
8.409520338426924368e+00
8.409520338426924368e+00
8.409520338426924368e+00
8.409520338426924368e+00
8.409520338426924368e+00
8.409520338426924368e+00
8.409520338426924368e+00
8.409520338426924368e+00
8.409520338426924368e+00
8.409520338426924368e+00
8.409520338426924368e+00
8.409520338426924368e+00
8.409520338426924368e+00
8.409520338426924368e+00
8.409520338426924368e+00
8.409520338426924368e+00
8.409520338426924368e+00
8.409520338426924368e+00
8.409520338426924368e+00
8.409520338426924368e+00
8.409520338426924368e+00
8.409520338426924368e+00
8.409520338426924368e+00
8.409520338426924368e+00
8.437915404012287013e+00
8.069707165256154724e+00
7.956867131739588039e+00
7.844258125904548962e+00
7.769318765694821494e+00
7.731890241976529410e+00
7.694489689808940547e+00
7.657117519066191313e+00
7.636409255892584902e+00
7.619774147349430038e+00
7.598964118832665093e+00
7.598964118832665093e+00
7.561547280599434373e+00
7.561547280599434373e+00
7.524159163374015691e+00
7.524159163374015691e+00
7.524159163374015691e+00
7.524159163374015691e+00
7.486800197443478133e+00
7.486800197443478133e+00
7.494757207839515267e+00
7.494757207839515267e+00
7.503682395724250220e+00
7.503682395724250220e+00
7.494757207839515267e+00
7.503682395724250220e+00
7.503682395724250220e+00
7.466004509437861536e+00
7.466004509437861536e+00
7.457034225716469678e+00
7.457034225716469678e+00
7.466004509437861536e+00
7.457034225716469678e+00
7.494757207839515267e+00
7.494757207839515267e+00
7.494757207839515267e+00
7.457034225716469678e+00
7.494757207839515267e+00
7.494757207839515267e+00
7.494757207839515267e+00
7.494757207839515267e+00
7.494757207839515267e+00
7.503682395724250220e+00
7.466004509437861536e+00
7.486800197443478133e+00
7.486800197443478133e+00
7.524159163374015691e+00
7.524159163374015691e+00
7.524159163374015691e+00
7.524159163374015691e+00
7.524159163374015691e+00
7.524159163374015691e+00
7.524159163374015691e+00
7.524159163374015691e+00
7.524159163374015691e+00
7.561547280599434373e+00
7.559763924900877896e+00
7.561547280599434373e+00
7.561547280599434373e+00
7.561547280599434373e+00
7.559763924900877896e+00
7.550472618509996181e+00
7.561547280599434373e+00
7.561547280599434373e+00
7.561547280599434373e+00
7.561547280599434373e+00
7.524159163374015691e+00
7.524159163374015691e+00
7.524159163374015691e+00
5.115902698068784282e+00
5.115902698068784282e+00
5.114306947309454010e+00
5.115902698068784282e+00
5.115902698068784282e+00
5.115902698068784282e+00
5.115902698068784282e+00
5.115902698068784282e+00
5.115902698068784282e+00
5.115902698068784282e+00
5.114306947309454010e+00
5.114306947309454010e+00
4.664029125816480992e+00
4.678008829079114861e+00
4.664029125816480992e+00
4.664029125816480992e+00
4.664029125816480992e+00
4.664029125816480992e+00
4.664029125816480992e+00
4.664029125816480992e+00
4.664029125816480992e+00
4.673633281015163732e+00
4.703923967614865198e+00
4.703923967614865198e+00
4.658939705663829756e+00
4.658939705663829756e+00
4.658939705663829756e+00
4.658939705663829756e+00
4.644551139730439537e+00
4.658939705663829756e+00
4.670997925426729758e+00
4.655594785740628794e+00
4.658939705663829756e+00
4.644551139730439537e+00
4.636999543713030469e+00
4.636999543713030469e+00
4.645273436424806057e+00
4.655282801653497060e+00
4.667016473192006742e+00
4.667016473192006742e+00
4.667016473192006742e+00
4.678196436216389031e+00
4.655282801653497060e+00
4.655282801653497060e+00
4.655282801653497060e+00
4.655282801653497060e+00
4.655282801653497060e+00
4.655282801653497060e+00
4.655282801653497060e+00
4.655282801653497060e+00
4.667190487228572771e+00
4.689697858452272605e+00
7.769318765694821494e+00
7.769318765694821494e+00
7.806774858646405413e+00
7.769318765694821494e+00
7.579293019694585354e+00
7.575630543924250837e+00
4.667190487228572771e+00
4.667190487228572771e+00
4.667190487228572771e+00
4.645273436424806057e+00
4.645273436424806057e+00
4.645273436424806057e+00
4.657907719758289211e+00
4.657907719758289211e+00
4.657907719758289211e+00
4.657907719758289211e+00
4.657907719758289211e+00
4.670857343719217347e+00
4.670857343719217347e+00
4.670857343719217347e+00
4.670857343719217347e+00
4.670857343719217347e+00
4.670857343719217347e+00
4.670857343719217347e+00
4.704814993596102113e+00
4.704814993596102113e+00
4.704814993596102113e+00
4.704814993596102113e+00
4.704814993596102113e+00
4.704814993596102113e+00
4.704814993596102113e+00
4.704814993596102113e+00
4.738870346840867498e+00
4.738870346840867498e+00
4.738870346840867498e+00
4.738870346840867498e+00
4.738870346840867498e+00
4.738870346840867498e+00
4.738870346840867498e+00
4.751942880204002684e+00
7.747855349648324008e+00
4.751942880204002684e+00
4.751942880204002684e+00
4.751942880204002684e+00
4.773021312122831539e+00
4.773021312122831539e+00
4.773021312122831539e+00
4.773021312122831539e+00
4.760349613882039144e+00
4.760349613882039144e+00
4.760349613882039144e+00
4.760349613882039144e+00
4.747987933825963403e+00
4.747987933825963403e+00
4.760349613882039144e+00
4.747987933825963403e+00
4.747987933825963403e+00
4.747987933825963403e+00
4.747987933825963403e+00
4.747987933825963403e+00
4.747987933825963403e+00
