# Maximum of the total reconnection rate during the 2023/10/10 - 2023/10/11 storm
5.335240763965745647e-02
5.196970936399417790e-02
5.189559662559490444e-02
5.363602208456419440e-02
5.204199978477789396e-02
5.137349163745118935e-02
5.254611690199511437e-02
5.451173331916144005e-02
5.272273075028106881e-02
5.358303695103841524e-02
5.551931395885544018e-02
5.614221252269299689e-02
5.431909439489420593e-02
5.310629115662122285e-02
5.547309252847629213e-02
6.786914155191289821e-02
6.601535275447900641e-02
5.459647560729792570e-02
5.476087726540525974e-02
6.705606262195555611e-02
6.537269670570575175e-02
5.582539729836964032e-02
6.961283053116758268e-02
8.177756771974520333e-02
8.160856197935933976e-02
8.084520213957022139e-02
8.022989962221852012e-02
7.934083587194998288e-02
7.935755479340529661e-02
7.928695256303978922e-02
8.304573193278685928e-02
8.285382053897819010e-02
8.790944710822597152e-02
8.638073885104807781e-02
8.952331741041585911e-02
9.333204951213025513e-02
9.713865123581505445e-02
1.000596886997220658e-01
9.633503970104674574e-02
8.413060312683721953e-02
8.464372221024742127e-02
9.366611850897213487e-02
9.269713223702266691e-02
9.296605863668090663e-02
9.435133499846005967e-02
9.654378582839721890e-02
1.010829694785031624e-01
1.054806557453967231e-01
1.055139505694162039e-01
1.098084967733845979e-01
1.134636122535203906e-01
1.148125918733318707e-01
1.165644497512837302e-01
1.183930925742455453e-01
1.185512690067106745e-01
1.173272989970235713e-01
1.169590220700443828e-01
1.180664490974523695e-01
1.190771961933377865e-01
1.190431688630884666e-01
1.190910825023312192e-01
1.201363023497943050e-01
1.261038389835000550e-01
1.309361124993646541e-01
1.329795130874104059e-01
1.315766099768852504e-01
1.313546733671168698e-01
1.323210494475021981e-01
1.327209073610172985e-01
1.371768971466087728e-01
1.395693618864642382e-01
1.436789379066188699e-01
1.447908400222758796e-01
1.442454822528384806e-01
1.460975451851933282e-01
1.487144597334917606e-01
1.486532157792109787e-01
1.480185743512106855e-01
1.445345255323475242e-01
1.377202184163661969e-01
1.338769488055910062e-01
1.309944140662729906e-01
1.268680916998646824e-01
1.240331903402512870e-01
1.242951271572169947e-01
1.279447724362346717e-01
1.297403031533223561e-01
1.291542502676752413e-01
1.287467633548698420e-01
1.282515522483458070e-01
1.265383705550721660e-01
1.241670587539302761e-01
1.216817325084634666e-01
1.213389321497672924e-01
1.210055616883642937e-01
1.202782008274944081e-01
1.218641476069853846e-01
1.229968941211251054e-01
1.227341000062495135e-01
1.204642219562936933e-01
1.179357247539360443e-01
1.116007590778205216e-01
1.071415459313219132e-01
1.041652013532118060e-01
9.749808184442357306e-02
9.360917204248031531e-02
8.972052770388280751e-02
8.824777234275291149e-02
8.703336512440719430e-02
8.701612917131798519e-02
8.641980426470308174e-02
8.515542029129616330e-02
8.367833220447040699e-02
8.229763899210239264e-02
8.133225120551494658e-02
8.130310217437877740e-02
8.194486120996502532e-02
8.323234397803144780e-02
8.385915812980793138e-02
8.514561005236723212e-02
8.717168295543951950e-02
8.768951843303907090e-02
8.895725798972986542e-02
9.050679369744478453e-02
9.221180133562723036e-02
9.380455686714989083e-02
9.592590127169635383e-02
9.745740251926146569e-02
9.865905107975841970e-02
1.000099156167555126e-01
1.008975786986865131e-01
1.016622452710176233e-01
1.008070096886695827e-01
9.923545975536252062e-02
9.833561783003708090e-02
9.961816825793638752e-02
9.823396963795712200e-02
9.795269393664061963e-02
9.730700900877881088e-02
9.697834617037327798e-02
9.673664965741307631e-02
9.561495482711199201e-02
9.543950500740583376e-02
9.165532875307574878e-02
9.182555830783017958e-02
9.105371278486676379e-02
8.946887671595196712e-02
8.773014600532719198e-02
8.589461500901962587e-02
8.400276334898978958e-02
8.203116478288000057e-02
8.090824556860735928e-02
7.951342218966095388e-02
7.806495176799041480e-02
7.637672948034619769e-02
7.508544464113300898e-02
7.405869597223432854e-02
7.329382325683474197e-02
7.267432686115116169e-02
7.192259380421879567e-02
7.152086346808786410e-02
7.074921404193780516e-02
7.034804154097779039e-02
7.000420109312943673e-02
6.942966060131210149e-02
6.907798505355171315e-02
6.904637279203196254e-02
6.911319618608685600e-02
6.948037971466929086e-02
6.978129495189538956e-02
6.999642373127878958e-02
7.037417361282542749e-02
7.065761135912422553e-02
7.097834685746738648e-02
7.196683912121315529e-02
7.252401170052276413e-02
7.272212717310247432e-02
7.287244068633308425e-02
7.307187388286358332e-02
7.333448112335459734e-02
7.366769538408447782e-02
7.412205470619995240e-02
7.450233758256534500e-02
7.491805438910144332e-02
7.536904564817557828e-02
7.556816398871919749e-02
7.592151684344213003e-02
7.638743036639834838e-02
7.619974989262723319e-02
7.703731889463627525e-02
7.778380720474195598e-02
7.865583127234061778e-02
7.934170084815761470e-02
8.053911000722614733e-02
8.146545036169708376e-02
8.282704605870006009e-02
8.395325150332422215e-02
8.551887840619550041e-02
8.647169549976163605e-02
8.727053571379134178e-02
8.866317305658047432e-02
9.016034590298047102e-02
9.179657268200183684e-02
9.383010076495917895e-02
9.693016917117966424e-02
9.844763606630377306e-02
9.970991276269994263e-02
1.013214743442925336e-01
1.028495459454993599e-01
1.044396498212753627e-01
1.061869552790568882e-01
1.082058978149862127e-01
1.097707843934739719e-01
1.108641864010517092e-01
1.113901840430235463e-01
1.123688130525535012e-01
1.132550067656572512e-01
1.143081153031945407e-01
1.139033483424778948e-01
1.118927175502863747e-01
1.109185895436951841e-01
1.109593399988853674e-01
1.110825801905351573e-01
1.106897981870352266e-01
1.106860014133214665e-01
1.090391434612648647e-01
1.083104324246174088e-01
1.078127758736261849e-01
1.066534923556643338e-01
1.059598727687548897e-01
1.046185312682531982e-01
1.038268120603057232e-01
1.019009484367923990e-01
1.002670952723395126e-01
9.888952908675277542e-02
9.738403627131098084e-02
9.569085050733150410e-02
9.481913037766534491e-02
9.388707294480422294e-02
9.453507069748978697e-02
9.520391860785157312e-02
9.437778080912601064e-02
9.481283931738147819e-02
9.538391817609415124e-02
9.696132944660924846e-02
9.895157127523215856e-02
1.016592941472043155e-01
1.041637451695895666e-01
1.078749666144928343e-01
1.121750833601825731e-01
1.163939171867277578e-01
1.206179163759268091e-01
1.237789796195598868e-01
1.266768047137472042e-01
1.291681914658294739e-01
1.328561461095295049e-01
1.361527272304853819e-01
1.380363329367376990e-01
1.394425089401951923e-01
1.405885957934855934e-01
1.447106635093187710e-01
1.508602810399135574e-01
1.571093150409517691e-01
1.609083496019217963e-01
1.624790127341111945e-01
1.669345018792753321e-01
1.717132332423920715e-01
1.805011713694192887e-01
1.836592230591653496e-01
1.797266124148727551e-01
1.832948361917749736e-01
1.876128077381421511e-01
1.885183366831104934e-01
1.868628640578462452e-01
1.841122538160250288e-01
1.817410486658961322e-01
1.817111653408158833e-01
1.815647909507723534e-01
1.809201270528783823e-01
1.794626950039994173e-01
1.779919070230624456e-01
1.767172527338459753e-01
1.754422520920982387e-01
1.741024465907875518e-01
1.731530082186838460e-01
1.717365621845186874e-01
1.689358743212593661e-01
1.691202377551112856e-01
1.712243287622752241e-01
1.714001683232753148e-01
1.704355131292189518e-01
1.695781366511853738e-01
1.691179496637627289e-01
1.684162693790365872e-01
1.677902796857908552e-01
1.668972434798089710e-01
1.655130714687387816e-01
1.644195551869781224e-01
1.637199168865170473e-01
1.631217849787462149e-01
1.624768975967299522e-01
1.620666842118431705e-01
1.621022318274209228e-01
1.621999762822944335e-01
1.614215840329449869e-01
1.606395881933162795e-01
1.581408607424057422e-01
1.561048503548422839e-01
1.523427767259899757e-01
1.459923468923649825e-01
1.420775681769608778e-01
1.384775089552202632e-01
1.370323513805595250e-01
1.381326532903640880e-01
1.397367199118094705e-01
1.408679763444904143e-01
1.402042021498580149e-01
1.406225154721640891e-01
1.404150251147126549e-01
1.393118756994944085e-01
1.384856794581557082e-01
1.385909216674731104e-01
1.385492477150600255e-01
1.379385753840196016e-01
1.367898341845562582e-01
1.347594719455933732e-01
1.334816691296648317e-01
1.302470157939122075e-01
1.310559138245240840e-01
1.296183248163968182e-01
1.295937715961418824e-01
1.293605817502933297e-01
1.296815352328684334e-01
1.289627804875692618e-01
1.298373672488833952e-01
1.309997348544795215e-01
1.339865495881552571e-01
1.357217223401199213e-01
1.398647601947831665e-01
1.454330796660713854e-01
1.509418608822364061e-01
1.560820015536691086e-01
1.582808038061598865e-01
1.573303643007752939e-01
1.539932728166213127e-01
1.502557481111436999e-01
1.481922450478087572e-01
1.460557276182140318e-01
1.430907897545237450e-01
1.419168650853609159e-01
1.404698641875971321e-01
1.366447680710136670e-01
1.340565055351055912e-01
1.301698296668878652e-01
1.306742646366341742e-01
1.365272015509718384e-01
1.375015412137666759e-01
1.388404002346170230e-01
1.375140058630407724e-01
1.361442430976779194e-01
1.347901011013551975e-01
1.355174757342036962e-01
1.392278518891164329e-01
1.399987027864025568e-01
1.388713292094878871e-01
1.376428137539042473e-01
1.362038345906841363e-01
1.348913390007364099e-01
1.357195574701491603e-01
1.410701161770312184e-01
1.412634380985144378e-01
1.449090017558476995e-01
1.456871913659233686e-01
1.504386335630533700e-01
1.433474279506288529e-01
1.505260215216313591e-01
1.523499299601909773e-01
1.413573312437275131e-01
1.417638454844963314e-01
1.437489742579971808e-01
1.474123912482857846e-01
1.523179465831222268e-01
1.580573109075920357e-01
1.629573529881269967e-01
1.680162829679081871e-01
1.729138677499855725e-01
1.748232824739623104e-01
1.736881271394920823e-01
1.749015631360065770e-01
1.784743300189810256e-01
1.799544922979545991e-01
1.825532273110889725e-01
1.849912529541327122e-01
1.886502487212363133e-01
1.919895225923995419e-01
1.948774264764010500e-01
1.971610180513415911e-01
1.989501717406837178e-01
2.023546744565939415e-01
2.027491668162945404e-01
2.022388184757017981e-01
2.012607568131478397e-01
1.991373882804159390e-01
1.967856626276705545e-01
1.955505275242035712e-01
1.977046932706874316e-01
1.951978488581447568e-01
1.918662265355183527e-01
1.903861015617057673e-01
1.919063154457855414e-01
1.938359396753352726e-01
1.942289669661581286e-01
1.945455004443488178e-01
1.987534862694369797e-01
2.011774619579551338e-01
2.047477584116034754e-01
2.016311715395013859e-01
2.033566499488358714e-01
2.091248019974339956e-01
2.143328428584746481e-01
2.170691680800740930e-01
2.242941720411191775e-01
2.303349662235087414e-01
2.415465506280989882e-01
2.415704409051689372e-01
2.420532521621462929e-01
2.436889837330367126e-01
2.424327524594784289e-01
2.409320202311795445e-01
2.214544444935557799e-01
2.276200553407123628e-01
2.334497890351610594e-01
2.491754538541967601e-01
2.544166683758189995e-01
2.587158013565357129e-01
2.664682585649835733e-01
2.731762947490616877e-01
2.704045452256826909e-01
2.618539672036777066e-01
2.589897598758261199e-01
2.697284874743968164e-01
2.787470146887062183e-01
2.823937838483296936e-01
2.786119435116856669e-01
2.791547104487713260e-01
2.835536730843925546e-01
2.859069671786308442e-01
2.945426679038128936e-01
2.884971420948593823e-01
2.924528715464648210e-01
3.108416812764247528e-01
3.251043325210809520e-01
3.046518338062895737e-01
2.937507264744287361e-01
2.773890468922975416e-01
2.740510027730213571e-01
2.822853219442472694e-01
2.782734407345534011e-01
3.249244617134104396e-01
3.176419745885566415e-01
3.417255820882284523e-01
3.319381696557507366e-01
3.307081267114928558e-01
3.211713078880638061e-01
3.124305345348432628e-01
3.035444385840609938e-01
2.940877710686770063e-01
2.816638309586109723e-01
2.711028063373587815e-01
2.615804598699643102e-01
2.540251234228110278e-01
2.447978998611893831e-01
2.362001943165776274e-01
2.282241784101522453e-01
2.273867288009235321e-01
2.182968858135613532e-01
2.121820720727286558e-01
2.097870002195552641e-01
2.216120799677745445e-01
2.216096704199367606e-01
2.222348039109182105e-01
2.228291822693597990e-01
2.245712535114151309e-01
2.248334755854680400e-01
2.243914593886869591e-01
2.255879067551170847e-01
2.277889472369631907e-01
2.298087634321351325e-01
2.317708642532176344e-01
2.336535520680261824e-01
2.359362855613539589e-01
2.388637736487486951e-01
2.417919756853856295e-01
2.447298934468311038e-01
2.474778963268512988e-01
2.614115903648002726e-01
2.734409565067018599e-01
2.514954953656451941e-01
2.505015094747075066e-01
2.553111264515455781e-01
2.613663511605862633e-01
2.654717278047087903e-01
2.701762413573186583e-01
2.779527845666622254e-01
2.870141362380408956e-01
2.874211479765931831e-01
2.754424517782521065e-01
2.735410745778668606e-01
2.744769733273523804e-01
2.685351470865804946e-01
2.683787702107043316e-01
2.656634233321154559e-01
2.475025899331992907e-01
2.482076143867333884e-01
2.728032420372941136e-01
2.741922660074151974e-01
2.747469413493401902e-01
2.873423367508167736e-01
2.930891866337220208e-01
2.954650726724815102e-01
3.013918119257924522e-01
3.103720932988219827e-01
3.173656866857856862e-01
3.233148751225770612e-01
3.040470175149546650e-01
2.990719909152470546e-01
3.379961988206869328e-01
3.437721183901999988e-01
3.348841330736461730e-01
3.247053096483860646e-01
3.173633637284417608e-01
3.206943426828443577e-01
3.309923460419458840e-01
3.344089974595926273e-01
3.407722408700709638e-01
3.525119194403062428e-01
3.543667549017752716e-01
3.634812011580261792e-01
3.775512277325350219e-01
3.768288483419719448e-01
3.749460410920675280e-01
3.792563583521474935e-01
3.832499189048534372e-01
3.856019522799797317e-01
3.850860423311193159e-01
3.839368813339028019e-01
3.968220310498477010e-01
4.093593691938695600e-01
4.073669242912800748e-01
4.062320315832004813e-01
4.079766300451410088e-01
4.119809879201224434e-01
4.114503029145077928e-01
3.867713715739414249e-01
3.825549363533628511e-01
3.860412367706682613e-01
3.897635082426475495e-01
3.972470547130207974e-01
4.112815846758243188e-01
4.351043937539924022e-01
4.423300162109791156e-01
4.531181725257049098e-01
4.644595616540706517e-01
4.714212299574840337e-01
4.793569648297206776e-01
4.912308658297406261e-01
5.001069007265517286e-01
4.935230636847287577e-01
4.988317665327607342e-01
4.984204894390929508e-01
4.959800523537243322e-01
4.944743369042904346e-01
4.963121406720787387e-01
5.014983617321302489e-01
5.190633103204891352e-01
5.547720582208166551e-01
4.959883258264646821e-01
4.928693315995845703e-01
4.957095762839286990e-01
4.983750146319085861e-01
5.065447490106754769e-01
4.835885148712955051e-01
4.864686013556592803e-01
5.129034046224349996e-01
5.200420578551637751e-01
5.123779114823102665e-01
5.263779407045369174e-01
5.242487595458694694e-01
5.219464660254771182e-01
5.281838516136431183e-01
5.467560893944335421e-01
5.503620430786225759e-01
5.353629385581389899e-01
5.398594059086141428e-01
5.893951098686567303e-01
6.479935361483115663e-01
6.671453957455960593e-01
6.665363917326998511e-01
6.970410122773860184e-01
7.080215010796544473e-01
7.653223038771169717e-01
8.758742999451529787e-01
9.434406076457534374e-01
1.010088259776057207e+00
1.076212712832906648e+00
1.148627500444335592e+00
1.290194714050374891e+00
1.495799254683056079e+00
1.407786704813073442e+00
1.524528737156519043e+00
1.694236062367228346e+00
1.826258818257074479e+00
2.001667649777319813e+00
2.159832031173364086e+00
2.259892513654558677e+00
2.364291632457595771e+00
2.538659195585783124e+00
2.722334981359190387e+00
2.922154508483049806e+00
3.127588175284179428e+00
3.333054953092911443e+00
3.654145327794465103e+00
3.900492226196000889e+00
3.928492069243882501e+00
4.025820752158105087e+00
4.336027067325174400e+00
4.485405349183201551e+00
4.898141374622273503e+00
5.049416885814255629e+00
5.168189040057137085e+00
5.499167110003784664e+00
5.555561835419302597e+00
4.805278907166893987e+00
4.862284052020022784e+00
5.700645248528747544e+00
5.703830165552098208e+00
5.575153625942777857e+00
5.491977494985931685e+00
5.563734991758296111e+00
6.036435140797887122e+00
6.178707685673999528e+00
6.172216425289188457e+00
6.207672717466980572e+00
6.608755490217236961e+00
6.774101360194681121e+00
6.889648776093206806e+00
6.557918147645791507e+00
6.634847431054701872e+00
7.268896216967647206e+00
7.298988826990436607e+00
6.836236253506139171e+00
7.066568174126377500e+00
7.192270906572704625e+00
7.366724516985829752e+00
7.444973867745596330e+00
8.089546055409424952e+00
8.217965268781430410e+00
8.375603420931307497e+00
8.512811584268243692e+00
9.291432555884487243e+00
9.482918330305073695e+00
9.667378695324456928e+00
8.767621584961821313e+00
9.011994608593221656e+00
9.221386114731130235e+00
9.738619054882805770e+00
1.070223476789780470e+01
1.119549903474682395e+01
1.172614435497537677e+01
1.191004241671246788e+01
1.405206558287071772e+01
1.435093013020140518e+01
1.611209483545230725e+01
1.645985788393177884e+01
1.452254714582532458e+01
1.503092260961515869e+01
1.533428531271721695e+01
1.647604278552423551e+01
1.676063349563727911e+01
1.638682275452570636e+01
1.664247620106341330e+01
1.490306461421352680e+01
1.681794838838018435e+01
1.891887208108968821e+01
1.981862804194723893e+01
2.115620101649790996e+01
2.250116428708799887e+01
2.313161026956322530e+01
2.373980313835084388e+01
2.205252807084061217e+01
2.165718068314960476e+01
2.119831840232601294e+01
2.122519803048933795e+01
2.063109167384365250e+01
2.095476414274937582e+01
2.121331552407855980e+01
2.113451645216320074e+01
2.145754604116201492e+01
2.277225472834856035e+01
2.307793047312918944e+01
2.333311100708004560e+01
2.332534420385991325e+01
2.372433773311025362e+01
2.461061507104258794e+01
2.571389539433122096e+01
2.624458277809514328e+01
2.710822523120810246e+01
2.667224656747022138e+01
2.728617143851334603e+01
2.659126929107635817e+01
2.670545165547270017e+01
2.818166013702153805e+01
2.851067546946662290e+01
2.777893775611324756e+01
2.789269852986503651e+01
2.820365950964747981e+01
2.913687780866417754e+01
2.930852852977378120e+01
3.005959908064802732e+01
3.077435637721672279e+01
3.147851947455925270e+01
3.218494613989467723e+01
3.287715935819176138e+01
3.356019483295509076e+01
3.418983879668822112e+01
3.476517402612981300e+01
3.506570515701223201e+01
3.460928239169257381e+01
3.556350066008259603e+01
3.616095999082341450e+01
3.659331890873555437e+01
3.688010891677730285e+01
3.714996937181898318e+01
3.472720193483377926e+01
3.498231284373069627e+01
3.561819107964188902e+01
3.620470690032871630e+01
3.676983173315642262e+01
3.714618578352273914e+01
3.736134403437289819e+01
3.700755186960169141e+01
3.641218475272082600e+01
3.659418258523449197e+01
3.673310833772124795e+01
3.653297906833814324e+01
3.671821094530173468e+01
3.695889406619827611e+01
3.726137149544783256e+01
3.761221999374019020e+01
3.782703937475734079e+01
3.805379471178354578e+01
3.819251399796257829e+01
3.859072145156714129e+01
3.873173530100775963e+01
3.824466909226495659e+01
3.776894821205145547e+01
3.788606162069937966e+01
3.804202471781678696e+01
3.866528567258716720e+01
3.876445423521402489e+01
3.883162750951584030e+01
3.869098113724686527e+01
3.843491907577487154e+01
3.805670086256041884e+01
3.823548062326386798e+01
3.931315205777581667e+01
3.893089667811839405e+01
3.895053223303060719e+01
3.893407619677384446e+01
3.917019949440359028e+01
3.905372871704817328e+01
3.884481136346278873e+01
3.955285735192115482e+01
4.024189415585993146e+01
4.016615422341371300e+01
3.723040907823182266e+01
3.700904140001092912e+01
3.681604053820829137e+01
3.777315311658101393e+01
3.856098536141487898e+01
3.852475398877622581e+01
3.835532485460473850e+01
3.807854553059910074e+01
3.799348115686029104e+01
3.573556895534871103e+01
2.658277412251119998e+01
3.063527933831133154e+01
3.477674860413254265e+01
3.793585022886917812e+01
3.982808346624783269e+01
3.979748728964514726e+01
3.984982685481575970e+01
3.814288886219407004e+01
3.621126373987183911e+01
3.403940215991643470e+01
3.406218974221174989e+01
3.041332551476622825e+01
3.043223134871392688e+01
2.978320739362933267e+01
3.001773418499791646e+01
2.599456680807819708e+01
2.580798449181140342e+01
2.470429540976688543e+01
2.910323048723446249e+01
2.993696147337312041e+01
2.685097717786307214e+01
2.318618921930264776e+01
2.428176778427862459e+01
2.560280908842101155e+01
3.248280096123448146e+01
3.767357597533005276e+01
3.258217514131734305e+01
2.608600974230459002e+01
2.379868940031654390e+01
2.645869947051759397e+01
2.663918536167658146e+01
2.563632317236114133e+01
2.260653992312035143e+01
2.286967704486463759e+01
2.306343428810195917e+01
2.536400405709439099e+01
2.589579668498156906e+01
2.808534896370266409e+01
2.930534890619198052e+01
3.319409100633266974e+01
2.907548395840797895e+01
2.420889724826502487e+01
2.554523153835527438e+01
2.873901332606222070e+01
2.995387295540363226e+01
3.227865781581563454e+01
3.465786474778587944e+01
3.568204797593344324e+01
4.008600768849044016e+01
4.285198856796636591e+01
4.299066145955453067e+01
3.881073853570306653e+01
3.885075907312956645e+01
3.813480672874236177e+01
3.146398585338294396e+01
3.189725316972432623e+01
3.365638522957746659e+01
3.797974945036322936e+01
3.835202662156160613e+01
3.804554466953776881e+01
3.720583028511236989e+01
3.673422093416635192e+01
3.332208909679907549e+01
3.256179919466651285e+01
3.134260507638557058e+01
3.737903881729297240e+01
3.385092399488037529e+01
3.169662124853060092e+01
3.016378236908340682e+01
3.014722871281624350e+01
2.278806288366145694e+01
2.712751604631155544e+01
3.539375206786527883e+01
4.256413789763155364e+01
4.589120332105394340e+01
4.675473669634024532e+01
4.516439771818588156e+01
4.467147392716425713e+01
4.521455721804736072e+01
4.470195751953369268e+01
4.425751349921408462e+01
4.351561986337556220e+01
4.301127073208320439e+01
3.642582627345198887e+01
3.804325067567430096e+01
3.967702300596921106e+01
4.305440722469069215e+01
4.319915170972520002e+01
4.256583139864243037e+01
4.203271012955273989e+01
3.759269467927217789e+01
3.719286795219112207e+01
3.420885014990747663e+01
3.382875638096344062e+01
3.500907459796938070e+01
3.525563897045704920e+01
3.543174147473961000e+01
3.528131872372867406e+01
3.232587474885715295e+01
3.300370590656908831e+01
3.124050366987023963e+01
3.014674138919446733e+01
2.991507665142762562e+01
2.849325103489866962e+01
2.886252361452424964e+01
2.911554895765750572e+01
2.956233497325306914e+01
2.997419691711888490e+01
3.045218023919974470e+01
3.069485128954236330e+01
3.158809519300577762e+01
3.339788438674587923e+01
3.462973557890262555e+01
3.501699274292126063e+01
3.268637780689623185e+01
3.016315704283633181e+01
2.982984633696206345e+01
3.075073733783149876e+01
3.029167386961833586e+01
2.893696560242744908e+01
2.677617145248066777e+01
2.559642220738337670e+01
2.582103766222908803e+01
2.602922199346219401e+01
2.612696556921450153e+01
2.631501309969808489e+01
2.648366322244898186e+01
2.620263478968940518e+01
2.591802782657227056e+01
2.388005714045238292e+01
2.362747379756673638e+01
2.388493672980903781e+01
2.364023843549875536e+01
2.364408096261070469e+01
2.300677627651452184e+01
2.294476774391652896e+01
2.567102464707915388e+01
2.493343395213650382e+01
2.413898980496979974e+01
2.392240232393446320e+01
2.500070736693918860e+01
2.469284138558959185e+01
2.477946091026000630e+01
2.458734361882889630e+01
2.409108406072330766e+01
2.352036354054866862e+01
2.273480821029164645e+01
2.246498077931656567e+01
2.212734433109623922e+01
2.255795497926268567e+01
2.269685242991621976e+01
2.270140527278359244e+01
2.545049461232109778e+01
2.525298049004331347e+01
1.791348832791490864e+01
1.955931742031376075e+01
1.924801123620087040e+01
1.708951869933992640e+01
1.913570844019988471e+01
2.162254637530577384e+01
2.467831246942995449e+01
2.451716034710446124e+01
2.432960172002652754e+01
1.624711232958959428e+01
1.596061096117967359e+01
1.576077466197518540e+01
2.637352522446620284e+01
2.599084967897358212e+01
2.497171545998159559e+01
2.332917101068469634e+01
2.273335870209183440e+01
2.458367464723607654e+01
2.415258723861038703e+01
2.337024685817993586e+01
2.268340419495035221e+01
2.232038152737318271e+01
2.166671252336400499e+01
2.119713121292471669e+01
2.092095948172375230e+01
2.065044492009932142e+01
1.714150614931363137e+01
1.652884662436477470e+01
1.637466599983242332e+01
1.618969375138004807e+01
1.471182790219639536e+01
1.346361771250956529e+01
1.328274417194753454e+01
1.367206936082632396e+01
1.308061444372793325e+01
1.159996775550765769e+01
9.101506940028949444e+00
8.192537642176443313e+00
8.194723122163857454e+00
7.998862752574970258e+00
9.364574766094641234e+00
9.122541196538943353e+00
9.764493315702640786e+00
1.047677349657963752e+01
1.020573859669403305e+01
8.113708834525198199e+00
7.700055660597529439e+00
7.425029039046230572e+00
7.165332712259875336e+00
6.936650272501180048e+00
6.751086834712397788e+00
8.383584653873599635e+00
8.120203807461018997e+00
6.436477219769807689e+00
6.133794978768976947e+00
6.227510820100537359e+00
5.840846656540307436e+00
5.110360323909436175e+00
4.826816974055233800e+00
4.779122838781715288e+00
4.508989454946684461e+00
4.239911329404313811e+00
4.079466320670066537e+00
3.912952239480932626e+00
3.740375601748188394e+00
3.609532170706130305e+00
3.497042161985799869e+00
3.381537874207038552e+00
3.276445102703884338e+00
3.188688371990127113e+00
2.961755337399541332e+00
2.565774363630290544e+00
2.241377307332398150e+00
1.955644252660304616e+00
1.717205420210606626e+00
1.624406278095000156e+00
1.938880560125239683e+00
1.811313377555077153e+00
1.675939551358821999e+00
1.527672281637836083e+00
1.409616905974222290e+00
1.321954011382978411e+00
1.250560992953789530e+00
1.159160728460368661e+00
1.101631606743683101e+00
1.029199034340742891e+00
9.824456002089047013e-01
8.228730271278943409e-01
9.167911744661605411e-01
8.113528639242867380e-01
6.482897150032921330e-01
6.372965652401133552e-01
6.240815573523647020e-01
6.129605908287607541e-01
5.948819516880168301e-01
5.725868275310403988e-01
5.514668441216508121e-01
5.303045158188830488e-01
5.165898341861274723e-01
4.947188118293097681e-01
4.898462403011183408e-01
5.039103836821939852e-01
4.957459187360141462e-01
4.862532220612952871e-01
4.842607552411476446e-01
4.794828822053384676e-01
4.875303718003261566e-01
4.818679743547498173e-01
4.765031404579789798e-01
4.715207867951191623e-01
4.800900820874636210e-01
4.646834337540832749e-01
4.500961656812271783e-01
4.491689804497626115e-01
4.455712829011619913e-01
4.532309176846771592e-01
4.500470733269044121e-01
4.471074082293422514e-01
4.445419510653068618e-01
4.341202637977822354e-01
4.309213610778004910e-01
4.395592021826639217e-01
4.490526592425062580e-01
4.475299625943135462e-01
4.406503555298864061e-01
4.393780799380201385e-01
4.467295116799724353e-01
4.434773554575097143e-01
4.408371162948085953e-01
4.522953457285068812e-01
4.623658725270172187e-01
4.592741574428956808e-01
4.640072058440008473e-01
4.474142816824531188e-01
4.027974381088930134e-01
3.861396131214518412e-01
4.080799791528278986e-01
4.038079848360159874e-01
3.914694716667086460e-01
3.762435767963493438e-01
3.724299385417035868e-01
3.751471861877862524e-01
3.813646160396386153e-01
3.872230096909016206e-01
3.823623090815908565e-01
4.048091972473680800e-01
3.992571460083961243e-01
3.969021840629171072e-01
3.916808707993576499e-01
3.872429629435398812e-01
3.845118822423305160e-01
3.876959396457607676e-01
3.908161252385876083e-01
3.885008865666061961e-01
3.858903804656020897e-01
3.913756367928045155e-01
3.886498943813215257e-01
3.812148021616361682e-01
3.787336391266253321e-01
3.761131376736439047e-01
3.823416815167778315e-01
3.868633720551025723e-01
3.789405459622232075e-01
3.775854906148320977e-01
3.807650368471189872e-01
3.793617040164127818e-01
3.798579137639531700e-01
3.800481472707994413e-01
3.784710934975883956e-01
4.070238981224362784e-01
4.410597127994158595e-01
4.386753734638265123e-01
3.904660146081281313e-01
3.818892355650034265e-01
3.834785960003556093e-01
3.814224293051124981e-01
3.737147222820926817e-01
3.926636609749428741e-01
4.194723042426120596e-01
3.979838036701182080e-01
3.743897897110585182e-01
3.593943513119894906e-01
3.279246308286543066e-01
3.263554908318412329e-01
3.000417598923874607e-01
2.787262449657370023e-01
2.569610090703567939e-01
2.520674856704544498e-01
2.500929953776717674e-01
2.524727324103985260e-01
2.553566840543768923e-01
2.536982348589759129e-01
2.583571930638376979e-01
2.579947363447244180e-01
2.392737616586432248e-01
2.375035643124199236e-01
2.357902673924501258e-01
2.339302622974985257e-01
2.311240064869601318e-01
2.174295161109758567e-01
2.080338822449144531e-01
2.100284221670727924e-01
2.118882458774709876e-01
2.100583110450373880e-01
1.934563516994875498e-01
1.918166130818526049e-01
1.927646396486819846e-01
1.917684761592152454e-01
1.908369633858766068e-01
1.907624184043600624e-01
1.899563831011593651e-01
1.897481144897117944e-01
1.904681622583931366e-01
1.896291815384062440e-01
1.887500969224485958e-01
1.883275931100806266e-01
1.876413546683406153e-01
1.868945019457565193e-01
1.869686752466276913e-01
1.860582128846807459e-01
1.878134491987171750e-01
1.868510086641276269e-01
1.851842576018339903e-01
1.840032985282300249e-01
1.774986070096605806e-01
1.749191424391302319e-01
1.821904635456038646e-01
1.826037434833075457e-01
1.854107510766802025e-01
1.847917821516964210e-01
1.807624476791590828e-01
1.807799609748793612e-01
1.805869868231538555e-01
1.812095979908842913e-01
1.807163505485844812e-01
1.859705998730674381e-01
1.850073846768249264e-01
1.841497216622007549e-01
1.773149012187464901e-01
1.750843409460390854e-01
1.723866799785439829e-01
1.759992460548290838e-01
1.830911527054394916e-01
1.911397957490320043e-01
1.694138049384215639e-01
1.684429836870877939e-01
1.676200737654328365e-01
1.670204104107195220e-01
1.622368998143942920e-01
1.617592586059195259e-01
1.618887652289354440e-01
1.613034811901290222e-01
1.594506005085069567e-01
1.587064624651554623e-01
1.586324955988150376e-01
1.581675428441188247e-01
1.584040902683415963e-01
1.575459604176195072e-01
1.569444361042679481e-01
1.565008079152694631e-01
1.560496795434953010e-01
