#  Format: 
#    1) Maximal reconnection rate at closest pressure dip 
#   2) Distance from earth 
#   3) Rate from critical 
#   4) Distance from critical
0.2580 8.0255 nan nan
0.2474 8.0243 nan nan
0.2418 8.0243 nan nan
0.2555 8.0233 nan nan
0.2439 8.0218 nan nan
0.2601 8.0225 nan nan
0.2380 8.0225 nan nan
0.2049 8.0212 nan nan
0.2137 8.0214 nan nan
0.2510 8.0225 nan nan
0.2764 8.0233 nan nan
0.2620 8.0218 nan nan
0.2699 8.0214 nan nan
0.2818 8.0218 nan nan
0.2805 8.0304 nan nan
0.5201 8.0229 nan nan
0.3559 8.0685 nan nan
0.2123 8.0214 nan nan
0.4943 8.0265 nan nan
0.4954 8.0265 nan nan
0.2975 8.0218 nan nan
0.6318 7.3043 nan nan
0.9659 7.2499 nan nan
0.9778 7.2499 nan nan
0.9683 7.2499 nan nan
0.9623 7.2499 nan nan
0.9484 7.2499 nan nan
0.9597 7.2499 nan nan
0.9702 7.2440 nan nan
1.4770 7.2465 nan nan
1.5398 7.2465 nan nan
1.6915 7.2451 nan nan
1.6858 7.2451 nan nan
2.4087 7.2440 nan nan
3.8732 7.2514 nan nan
6.3378 7.2417 nan nan
8.0154 7.2054 nan nan
10.0252 7.2323 nan nan
10.3406 7.2424 nan nan
11.7077 7.2206 nan nan
15.8474 7.2323 nan nan
17.3970 7.2323 nan nan
20.4610 7.2051 nan nan
19.5734 7.0787 nan nan
25.4553 7.1102 nan nan
21.6082 7.1045 nan nan
18.0611 6.8719 nan nan
12.1062 7.0939 nan nan
27.1105 6.7142 nan nan
27.2364 6.6348 nan nan
56.0192 6.4367 nan nan
25.1340 7.0792 nan nan
30.6781 7.0633 nan nan
15.6009 7.0453 nan nan
15.9222 7.0453 nan nan
10.6529 7.0875 nan nan
10.6852 7.0875 nan nan
14.9051 7.0852 nan nan
11.5527 7.0706 nan nan
10.3611 7.0838 nan nan
14.3900 7.0792 nan nan
41.9071 6.5533 nan nan
20.2228 6.5943 nan nan
47.5561 6.5495 nan nan
24.1675 6.3967 nan nan
25.4820 6.3967 nan nan
82.1985 6.0528 19.3809 7.6797
69.2118 6.2063 nan nan
74.8948 6.2428 15.2553 7.8807
78.4697 6.2808 13.4321 7.8807
75.8281 6.2034 nan nan
74.4117 6.1274 nan nan
76.4476 6.1287 13.7642 7.8405
74.9091 6.1287 13.5730 7.8405
79.6413 6.0894 11.5777 7.9611
88.0747 6.1274 13.2343 6.5126
152.1312 5.8597 17.6835 6.1511
197.4446 5.8597 16.8778 6.1109
51.3915 5.8800 21.1145 6.1910
56.2216 5.8800 24.9700 6.1910
64.0976 5.8800 28.2343 6.1508
143.8755 6.0125 25.0543 6.3116
42.0863 6.3562 20.6931 6.5128
43.8130 6.1178 20.7849 6.3922
140.2210 5.9219 5.4519 6.2315
151.0377 5.8234 31.7468 5.9900
61.0360 5.8407 22.1843 6.0305
159.0880 5.7729 22.3096 5.9099
85.2313 5.6850 18.9301 5.7893
100.2637 5.5259 16.9570 5.7089
222.8928 5.5225 18.5649 5.6687
105.3568 5.6060 43.7139 5.6687
108.8055 5.5244 45.6794 5.6285
122.6175 5.4469 40.4932 5.5481
138.5096 5.3680 34.4406 5.4677
142.6928 5.3662 60.3064 5.4272
155.1717 5.3277 95.8625 5.3468
286.5425 5.2676 73.4013 5.3066
165.3633 5.2104 40.0272 5.2667
136.5996 5.2116 105.6236 5.2667
116.8663 5.2104 90.9234 5.3084
133.4944 5.2151 49.9403 5.2695
166.8838 5.2104 55.2625 5.1879
233.2624 5.4477 93.4918 5.2309
275.3513 5.4691 108.3288 5.2309
298.4220 5.5125 74.5771 5.2327
375.6747 5.5125 154.8568 5.2309
345.8942 5.4826 113.0748 5.1907
331.0779 5.4504 92.7350 5.1505
130.2762 5.4108 226.5850 5.1489
384.1081 5.3695 234.4562 5.1088
28.5703 6.7656 274.3101 5.0686
20.9091 6.7747 302.7810 5.0686
9.2708 6.9205 544.7317 5.0686
3.8317 6.5817 286.4818 5.1075
98.8781 5.0235 1568.7978 5.1075
32.4863 5.4460 348.5593 5.1467
268.3485 5.0354 1653.5659 5.1104
75360.0409 5.0912 299.1010 5.1104
92.5308 4.9916 484.5615 5.1088
1690.2538 5.0845 361.8623 5.1088
714.3765 5.0713 466.4903 5.1088
700.7894 5.1130 342.3513 5.1075
500.5970 5.2116 234.9082 5.1075
259.2898 5.0935 267.3767 5.1075
353.1567 5.3125 122.4710 5.1477
202.3317 5.1700 200.0099 5.1879
196.2839 5.1329 185.4566 5.1477
196.0403 5.1878 170.0660 5.1891
173.8941 5.1621 154.9737 5.1477
234.5167 5.4139 108.6327 5.1869
210.7315 5.1716 109.5097 5.1879
178.7495 5.1307 148.7691 5.1477
255.2581 5.3391 158.1781 5.1065
161.0796 5.2488 140.8291 5.2682
304.6847 5.2474 116.7548 5.2695
167.1269 5.2526 122.7541 5.2695
373.9635 5.2474 122.0331 5.2710
186.5049 5.2498 31.4531 5.3112
147.0528 5.2920 94.9914 5.3096
212.1272 5.2834 119.1198 5.3486
226.1784 5.5702 127.7478 5.3075
307.9521 5.1950 153.3936 5.3096
220.8385 5.3581 123.2800 5.4290
151.4150 5.4454 50.6143 5.5094
154.6558 5.4454 60.6896 5.5495
154.3123 5.4849 75.0464 5.5897
155.8350 5.5665 88.0252 5.6701
274.7820 5.5456 105.8809 5.7505
282.6771 5.5832 122.6622 5.8309
231.9514 5.6435 134.3513 5.8711
253.6882 5.7226 145.6429 5.9112
274.3497 5.7621 154.4823 5.9916
122.8044 5.8011 153.0056 6.0720
111.7374 5.8407 149.7512 6.1122
103.0162 5.8841 137.9992 6.1524
107.4424 5.9237 128.0898 6.1524
110.9058 5.9632 120.5134 6.1926
105.9520 6.0028 103.7655 6.2328
749.6262 5.9368 96.0396 6.2328
1168.4031 6.0125 80.3737 6.2328
1332.3603 6.0504 73.0904 6.2730
1230.8660 6.0884 64.9101 6.2730
862.1745 6.1643 48.5155 6.3131
70.1959 6.4386 37.2382 6.3131
57.7099 6.4783 31.2915 6.3131
91.6885 6.0796 23.5411 6.3131
85.4932 6.0796 20.4804 6.3131
365.4535 6.2785 17.7299 6.3131
411.3614 6.3547 12.7088 6.3131
444.1842 6.3929 10.0817 6.2730
33.0894 6.3977 7.5460 6.2730
33.5577 6.3977 7.6993 6.2730
797.4780 6.3929 6.9094 6.2328
850.2579 6.3547 6.7672 6.1926
769.6307 6.3547 7.0070 6.1926
913.1217 6.3166 9.2754 6.1926
1267.5701 6.3166 12.8212 6.1524
1659.3860 6.2404 19.4832 6.1122
2029.1336 6.1643 28.9870 6.0720
4479.1083 6.0131 48.1894 6.0720
169900.7638 5.9746 57.0993 6.0318
2.5828 5.3378 68.3415 6.0318
5088.1639 5.9041 93.0392 5.9908
3900.9459 6.0148 94.0251 5.9908
11673.1208 6.1261 121.9006 5.9908
32438.5173 5.7234 945.9991 5.9514
1375.5094 5.9679 83.2817 5.9506
772.4607 6.2813 139.8780 5.7890
870.8074 5.8802 259.4100 5.9099
785.7427 6.3562 492.7317 5.8295
1659.9784 6.2234 414.7515 5.7491
2495.0578 5.9966 227.1229 5.6285
8302.4843 5.5649 266.5452 5.5079
2427.0250 5.4880 61.7240 5.4275
1137.3115 6.3999 2036.6605 5.4275
126174.5719 5.3876 101573.5367 5.3873
683.6283 6.5224 279.9463 5.3477
1755.0207 5.3148 362.3629 5.3096
1361.6905 5.2548 470.5260 5.2293
421.7029 6.7946 661.3542 5.2280
1511.8685 5.1962 544.3408 5.1505
3117.2451 5.3012 361.8853 5.1477
174.8467 5.1116 783.3259 5.0663
627.0839 5.1173 433.5326 5.0663
632.2188 5.0935 412.1445 5.0261
565.9494 5.0935 439.2057 5.0261
472.9239 5.0935 476.8583 5.0261
393.4897 5.0935 472.5890 5.0261
222.8612 5.1710 438.5067 4.9859
530.9631 4.9756 331.1093 4.9458
839.7248 4.9180 284.5098 4.9056
696.9374 5.0599 412.8612 4.9056
474.7641 4.9349 332.2141 4.9066
621.0015 4.9810 232.4843 4.9467
596.7855 4.9712 324.6347 4.9079
849.4431 4.9062 280.0271 4.8654
764.7136 4.8799 331.6798 4.8252
917.8536 4.8932 333.4691 4.8262
887.0696 4.9943 323.2063 4.8677
890.8229 4.9340 349.8919 4.9056
63.3985 4.8793 628.8431 4.9056
887.8170 4.8706 670.6830 4.8252
896.0670 4.8632 734.1586 4.8252
199.1070 5.0136 708.7300 4.8262
179.1631 5.0136 693.5462 4.8262
2285.4670 4.9953 350.6186 4.9056
1723.4995 4.9340 795.3962 4.9056
1582.6414 4.9544 1123.6857 4.9853
61.4521 4.9802 752.6444 5.0252
223.2699 4.9839 157.8136 4.9448
426.3634 4.9234 84.9190 4.9046
109.6539 4.9043 448.4601 4.9046
172.7927 4.8532 349.8483 4.8644
1816.1718 6.8877 365.8007 4.8644
2308.1764 5.0286 380.7285 4.8262
2879.8401 6.9260 179.1397 4.8252
1531.2125 7.0893 168.8903 4.8252
55.3280 5.0157 147.7992 4.8252
2828.1003 4.8732 250.9175 4.8252
186.8923 7.3094 780.1559 4.7850
2032.1752 7.2369 1035.1405 4.7850
136.4535 6.0672 164.7936 5.0663
215816.7030 5.0513 2526.9642 5.0657
41101.4079 5.2040 97.8176 5.0654
303.8975 5.2799 77.0982 5.0252
520226.0673 5.1383 221.5888 5.0252
3949.0315 5.0372 1468.2776 5.0252
2965.8178 4.9884 1022.5162 5.0255
1314.2470 5.1452 600.9120 5.0252
342.6455 5.2873 826.5264 5.0252
1574.7518 4.9718 404.8701 4.9850
4620.5086 5.1215 399.5507 4.9448
96.9196 5.0054 495.7009 4.9448
3101.5812 5.1100 404.9898 4.9448
385.2857 5.0903 754.9188 4.9046
357.9684 5.0903 531.2835 4.9046
335.9365 5.0510 402.9256 4.8644
575.5447 4.8428 316.6039 4.8252
293.6347 5.0119 156.7462 4.8647
305.5795 5.0903 369.4170 4.8644
708.0850 5.0941 319.1507 4.9046
635.9069 5.1107 252.2942 4.9046
285.7381 5.0510 305.2013 4.8644
248.3804 5.0903 282.0847 4.8644
408.5875 5.0954 218.3486 4.8644
245.6496 5.1694 300.6007 4.9049
303.1758 5.1300 291.4665 4.9046
362.5117 4.9115 106.8011 4.8644
661.8483 5.0731 166.2776 4.8647
240.2281 5.1071 236.8543 4.8647
316.4699 5.0913 318.1522 4.8647
311.9641 5.0913 335.5627 4.8647
295.6453 5.0513 269.5577 4.8647
534.9531 5.0181 332.1360 4.8644
289.4492 5.0906 299.5512 4.8644
737.3877 5.0589 138.3986 4.8647
251.3284 5.0675 199.8675 4.8647
716.8387 5.0050 337.4379 4.8242
305.8239 5.0119 318.1710 4.8242
288.0135 4.9723 337.5503 4.7840
254.2132 4.9809 249.3666 4.7840
497.6291 4.7564 320.1604 4.7840
88.6259 4.7383 290.6364 4.7438
87.1406 4.7258 486.3801 4.7438
906.3565 4.8144 374.8583 4.7438
787.5812 4.7167 333.5183 4.7438
2304.1703 4.8778 306.5164 4.7036
418.5155 4.8547 480.1285 4.7039
537.8164 4.8547 369.7350 4.7039
4039.9929 4.7763 296.3591 4.7039
6221.8945 4.7834 287.6551 4.7039
7605.5048 4.8532 1728.8484 4.7046
143.4034 4.7261 237.2426 4.6644
187.5072 4.7395 171.9485 4.6644
85.5613 4.6876 471.9716 4.6644
29.7049 4.6192 1066.8665 4.6644
25.9380 4.5644 1827.9620 4.6644
29021.8449 4.8064 116.4823 4.6637
23132.3402 4.7850 106.8512 4.6637
1000069.1508 4.7850 72.0345 4.6637
29956.3947 4.7568 170.3157 4.7039
352.1423 4.8547 1424.3970 4.7039
201.8749 4.8625 1305.2976 4.7036
13548.8385 4.7376 1036.3672 4.7039
528990.0408 4.8526 27.8611 4.7039
1158056.9833 4.7452 941.2874 4.7046
52.7450 4.6525 235.6583 4.6644
18888.8972 4.7791 488.4167 4.6644
93.9477 4.7870 129.3521 4.6655
56.0584 4.6810 389.3811 4.6644
4355.2754 4.7782 248.0667 4.6644
996.1768 4.7822 468.5922 4.6669
995.6847 4.7709 390.1170 4.6686
527.9600 7.0102 413.8657 4.6669
1029.4848 4.7020 395.1808 4.6669
6306.8051 4.7142 254.9133 4.6686
476.2736 6.9818 281.8170 4.6306
495.6523 7.0290 322.0144 4.6285
1195.0187 4.7116 292.6511 4.6267
455.8507 6.9090 365.8119 4.6285
5488.1807 4.7360 244.7982 4.6686
1306.3932 4.7360 272.7283 4.6306
514.1614 6.9130 359.0485 4.6285
652.0947 6.9185 304.7921 4.6285
1256.6765 6.8996 306.5174 4.6267
284.6255 4.7988 257.7300 4.6232
598.8738 6.8652 312.1631 4.6253
615.8276 6.9354 297.2062 4.6253
2287.5525 6.9029 314.3635 4.6253
2568.7969 6.8794 68.3463 4.6267
11544.3767 7.0741 249.5004 4.6267
1.3191 6.9554 294.8916 4.6267
1065.1762 7.0702 197.2678 4.6285
786.0812 6.9502 148.5989 4.6285
902.9195 6.9366 336.6036 4.6267
102.6361 4.7438 251.7259 4.5865
98.3469 4.7352 253.2407 4.5865
1568.0548 4.7309 262.3586 4.5865
998.7561 4.6488 308.0907 4.5865
1046.3883 4.6365 344.4192 4.5865
5928.4481 4.6802 169.1410 4.5865
51.9515 4.6097 250.0333 4.5464
105.0543 4.6950 315.7959 4.5481
65.5226 4.7436 286.4098 4.5481
77.2640 4.7436 272.2394 4.5481
1.5857 6.8108 310.1478 4.5883
0.6887 7.1483 259.3221 4.5883
93.9661 4.7138 225.6027 4.5481
1.4125 6.6287 225.6468 4.5503
2.4871 6.5062 242.3328 4.5481
29134.0365 7.0603 205.2699 4.5481
1.4384 7.1594 179.2948 4.5464
4.8508 6.4515 209.7948 4.5062
4.2520 6.5312 207.7269 4.5080
7.2594 6.5899 217.8396 4.5080
2.7667 7.1162 215.2732 4.5080
5.4475 6.6358 159.6245 4.5080
4.3963 6.5675 69.6413 4.5080
3.9966 6.5578 213.4941 4.4660
2.4129 7.1162 223.0625 4.4660
2.3599 7.1267 197.4430 4.4678
4.0502 6.5782 205.7278 4.4678
2.1948 7.1267 194.1664 4.4678
2.3458 7.0670 227.2896 4.4678
2.5963 6.9400 249.1515 4.5062
2.6929 6.8827 197.2007 4.5062
2.8411 6.8917 239.4463 4.5062
6861.2925 7.2123 218.9495 4.5481
7393.9140 7.2062 231.8008 4.5481
2415.4469 7.1676 156.3416 4.5503
1178.9853 7.1676 178.4090 4.5503
1509.3652 7.2615 107.6092 4.5528
1411.6447 7.2062 75.5560 4.5503
42891.0307 7.2531 124.7125 4.5528
17637.3880 7.2468 167.3054 4.5528
3.7958 6.5746 228.5407 4.5481
2.3391 6.7060 247.4937 4.5481
1.4364 7.0439 231.0685 4.5080
7826.0057 6.9572 111.1443 4.5503
1736.8248 6.8851 276.5506 4.5503
109.6202 4.6900 217.0969 4.5528
107.9621 4.6960 223.8793 4.5528
97.1609 4.7321 272.6851 4.5528
528.3436 7.0391 287.0339 4.5929
585.8522 6.9825 375.8734 4.5929
494.9034 7.0390 160.9583 4.5557
73.1250 4.6780 78.9584 4.5557
972.5714 4.6773 253.4765 4.5557
445.2752 6.9100 266.0016 4.5557
102.7295 4.6764 217.4352 4.5557
129.9752 4.6710 128.9848 4.5589
2793.3067 4.6178 191.5385 4.5589
3037.5232 4.6178 181.2113 4.5589
1695.8735 4.6211 238.4573 4.5188
2938.2698 4.6178 233.2463 4.5188
1599.3684 4.6058 233.3556 4.5188
1041284.2188 4.5909 172.8702 4.5264
22140.2707 4.5798 161.8127 4.5264
7138.6055 4.5691 174.2843 4.5264
3566.2768 4.5691 208.1156 4.4864
1184.2674 4.5753 141.9001 4.4864
1867.5362 4.5715 171.1973 4.4824
1702.2656 4.5883 53.7482 4.4824
4522.7437 4.5525 156.9541 4.4864
1434.3515 4.5304 121.0909 4.4509
3.8290 6.5771 186.4633 4.4424
114.1327 4.5751 261.7134 4.4325
101.6916 4.6175 327.8646 4.4354
289.4282 6.9460 272.0450 4.4325
168.6075 4.5567 224.7817 4.4325
119.5681 4.5567 139.4333 4.4325
608.3407 4.5000 208.1021 4.3953
110.2301 4.5476 253.8898 4.3953
86.0416 4.5317 237.3410 4.4024
89.3967 4.5669 428.1641 4.3924
1170.3887 4.4788 296.7932 4.3898
1712.8909 4.5595 249.4414 4.4299
648.6103 4.5897 287.4392 4.4325
673.4554 4.5897 261.5766 4.4325
926.4666 4.6288 252.7375 4.4726
102.5705 4.6175 484.7522 4.4726
119.9365 4.6211 261.1047 4.5188
1454.7068 4.6144 295.4059 4.4755
1392.6732 4.6601 195.1262 4.4354
1192.7280 4.5123 277.2523 4.4387
98.7903 4.5904 309.8881 4.4354
4189.7113 4.5640 290.3570 4.4325
95.1855 4.3974 133.9288 4.4225
688.6351 4.4852 337.1256 4.4624
118.0383 4.4213 201.8052 4.4222
1077.5803 4.4612 508.8532 4.4258
86.8323 4.4150 283.0415 4.4258
73.3569 4.3760 116.7907 4.3842
22.7106 4.2954 81.9663 4.3857
57.8974 4.4389 623.5291 4.3898
3958.1370 4.4160 191.7038 4.3122
2240.6591 4.3567 333.7325 4.3440
87.5107 4.3333 272.5691 4.3421
10614.2916 4.3833 289.3461 4.3429
113.7255 4.3771 156.2420 4.3440
1051.0173 4.4182 601.0955 4.3857
56.1757 4.3259 84.7140 4.3440
956.8225 4.3961 213.7051 4.3842
2227.7885 4.4401 416.4016 4.3875
4165.3722 4.4464 506.0756 4.4277
1138.6548 4.5595 573.3061 4.4678
962.2841 4.5573 113.2508 4.4244
1510.8142 4.5121 321.5347 4.4660
89.8900 4.4551 300.4124 4.5062
78.1449 4.4845 135.0440 4.4700
362393.8514 4.4588 340.7532 4.4387
11673.4357 4.5443 71.7577 4.4024
77219.0416 4.5465 145.8681 4.3987
50.0790 4.5774 2188.4656 4.4424
15937.6104 4.5005 178.5482 4.4465
26.7775 4.4914 167.9025 4.4864
33783.5803 4.7004 243.7225 4.6552
14254.8632 4.7004 233.2919 4.6552
3.2667 5.2960 53.5950 4.7705
1048.2323 5.2059 899.6941 4.8549
131609.8185 4.9088 100.9753 4.8549
1912.2729 5.0196 44.0591 4.8948
3892.6266 4.9215 205.3004 4.9793
4146.6110 4.9796 158.8462 5.0192
30955.8942 5.0702 95.0562 5.0592
1866925.7022 5.3093 304.6974 5.1039
375.6895 4.9674 188.6089 5.0640
194.8735 4.9346 161.7953 5.0640
2654.0114 5.1161 225.5872 5.1090
762.3402 5.0476 241.0316 5.1090
1211.9489 5.0503 390.5291 5.1887
386.7671 5.0288 250.5178 5.1039
469.5538 5.0956 299.7650 5.1039
490.8433 5.0867 212.8149 5.0592
440.9147 5.0896 198.8914 5.0546
411.3970 5.0896 162.9526 5.0147
423.9144 5.0386 258.3205 5.1438
402.5526 5.0514 243.1972 5.1039
394.7747 5.0139 239.4113 5.0640
359.7970 5.0139 225.9522 5.0241
203.9298 4.8895 190.6168 4.9443
292.9269 4.9421 212.1852 4.9443
284.0054 4.9335 198.2027 4.9045
241.0642 4.9725 218.1552 4.9045
77.7971 5.2602 204.7600 4.8646
65.1348 5.2602 224.1087 4.8646
61.4715 5.2602 193.8149 4.8247
56.0048 5.2989 197.9238 4.8247
54.7292 5.2602 213.4991 4.8247
49.7320 5.2602 214.9999 4.7849
39.6205 5.2340 233.0409 4.7849
51.9359 5.3038 144.4852 4.8301
48.9103 5.3038 184.5869 4.7903
1453.7424 4.7008 187.3044 4.7228
1247.0827 4.6835 145.5090 4.7294
289.5627 4.7114 199.9155 4.6769
291.1856 4.6727 204.6553 4.6371
354.1698 4.6470 91.0019 4.6435
1575.9458 4.6804 176.1848 4.6435
283.5220 4.6540 188.1451 4.6038
700.9116 4.6281 94.0705 4.6501
269.0503 4.6993 177.3213 4.6501
853.7786 4.6595 93.2091 4.7363
878.2044 4.6725 101.0730 4.7363
1390.0936 4.6835 166.1853 4.6898
846.9491 4.6655 147.8145 4.6898
987.4063 4.6924 163.2094 4.7294
359.1910 4.7312 89.8193 4.7690
357.3858 4.7698 118.2446 4.7690
340.5422 4.8084 86.8642 4.8484
502.5680 4.8322 214.7679 4.7961
273.1449 4.8667 211.8426 4.7961
1024.9457 4.8534 183.4432 4.8087
286.4691 4.8791 190.2952 4.8087
907.7231 4.8688 200.7215 4.8484
329.3321 4.8541 98.7640 4.8947
320.4783 4.8928 106.8839 4.8947
832.3471 4.8808 170.2202 4.8087
294.4318 4.8791 179.1296 4.8087
322.8035 4.8541 132.5774 4.8947
319.6206 4.8541 136.0274 4.8551
294.0612 4.8541 143.5085 4.8947
272.9533 4.8858 129.0430 4.8880
333.2821 4.8744 188.8525 4.8420
303.0677 4.8541 155.2213 4.8947
307.5115 4.8541 148.7836 4.8551
412.3417 4.8808 202.7811 4.8484
266.6252 4.8471 151.8984 4.8880
307.6869 4.8580 193.4486 4.8420
305.8997 4.8580 205.9994 4.8420
317.9249 4.8383 179.5303 4.8022
257.6206 4.8339 144.4775 4.7625
277.4192 4.8084 188.6502 4.8484
369.6984 4.8282 192.6999 4.8087
338.0967 4.8119 203.9411 4.8087
361.9881 4.8087 184.4716 4.7690
397.6168 4.7728 148.1122 4.8155
385.0868 4.7728 166.0681 4.7294
389.8107 4.7728 216.4671 4.7294
409.7561 4.7728 165.6629 4.6898
416.6612 4.7233 173.1201 4.6898
451.3833 4.7369 140.9185 4.7759
250.2154 4.7215 133.4558 4.7363
261.3834 4.7059 174.2643 4.6501
401.1540 4.6109 227.4556 4.6967
247.1449 4.6988 205.4707 4.6572
266.3247 4.6988 205.7811 4.6572
852.3764 4.6940 158.1621 4.7040
363.1110 4.6691 207.0741 4.7040
389.7390 4.6691 216.6175 4.6645
477.8278 4.6614 230.9980 4.6645
557.0040 4.5970 256.2740 4.6572
471.3389 4.6398 266.9335 4.6501
490.0123 4.6246 194.6514 4.6105
495.2910 4.6098 213.4361 4.6105
499.1793 4.5506 245.8549 4.6176
886.2040 4.6103 177.3767 4.5781
823.3712 4.5547 215.7414 4.5855
843.7842 4.5429 227.7800 4.5855
1034.8050 4.5876 243.0164 4.5855
313.1424 4.6052 149.3957 4.5461
347.4069 4.5981 234.0518 4.5934
321.2538 4.5748 228.0248 4.5934
400.2207 4.5587 265.2689 4.5540
415.1881 4.5450 265.0899 4.5540
291.1601 4.5523 198.1156 4.5066
1163.9883 4.5296 231.3706 4.5066
1102.5694 4.5294 195.3335 4.4672
618.8450 4.4693 281.9134 4.4672
894.1162 4.4693 248.6367 4.4278
624.5684 4.4602 308.6848 4.4278
459.7721 4.4429 315.0260 4.4278
739.4675 4.4310 276.2947 4.3883
389.1208 4.4279 127.7899 4.3489
556.4981 4.4140 288.1349 4.3805
500.3671 4.3849 284.0270 4.3016
655.4914 4.3466 256.7717 4.2622
286.4334 4.3498 179.8227 4.2545
325.5594 4.3419 324.4609 4.2622
84.2040 4.1888 91.2908 4.2472
177.7328 4.2100 119.8158 4.2472
829.1574 4.3119 288.5633 4.2545
806.5104 4.2342 298.2611 4.2545
194.2859 4.2071 469.0217 4.2545
805.5077 4.2808 388.6954 4.2545
331.1559 4.2426 431.3546 4.2150
168.4017 4.1695 453.5448 4.2150
122.4719 4.1455 66.1134 4.1681
857.9805 4.1717 501.8540 4.2150
984.0876 4.2350 463.8696 4.2150
52.3335 4.0824 126.2576 4.1681
138.6365 4.1196 226.3996 4.1681
52.2266 4.0900 164.6684 4.1755
690.6068 4.2319 160.4251 4.1833
1180.8807 4.2598 150.7568 4.1833
1068.1271 4.1795 335.7883 4.1833
1130.9573 4.1487 322.9503 4.1833
179.7795 4.1272 39.9887 4.1360
163.4376 4.1153 45.9331 4.1360
556.3511 4.1835 437.0477 4.1833
311.8111 4.1272 42.3270 4.1360
203.1370 4.1038 81.2147 4.1360
48.7842 4.0406 146.5222 4.1360
1091.2090 4.2009 271.4148 4.1360
51.7803 4.0250 78.2335 4.0966
832.7691 4.1570 146.2710 4.1045
282.0609 4.1178 363.5857 4.0966
20.7334 3.9627 258.7660 4.0966
85.4821 4.0535 501.7112 4.1045
70.8715 4.0325 400.4652 4.0652
55.8274 3.9953 74.7928 4.0571
69.7994 4.0195 413.6901 4.0652
32.3873 3.9579 168.9172 4.0571
611.5691 4.0992 265.2033 4.0571
696.5510 4.0692 265.7443 4.0571
18.7779 3.9165 286.0910 4.0571
95.0264 4.0087 343.4267 4.0258
717.0387 4.0348 188.1769 4.0258
623.0093 4.0344 223.1988 4.0258
82.2782 3.9821 366.1906 4.0258
84.3150 3.9821 380.0534 4.0258
65.8403 3.9570 472.4412 4.0258
61.0237 3.9451 493.3085 4.0258
104.8084 3.9856 209.7433 3.9865
111.2742 3.9856 222.4663 3.9865
30.0764 3.8989 122.3534 3.9865
32.5638 3.8989 136.5403 3.9865
33.3890 3.8989 143.5770 3.9865
109.7028 3.9939 279.2452 4.0041
908.0087 3.9635 267.7292 4.0041
589.5847 3.9981 85.2506 3.9559
594.4848 3.9567 69.2559 3.9559
631.1397 3.9752 106.8617 3.9744
691.5983 3.9938 293.4533 4.0134
737.8609 3.9730 140.7366 3.9951
636.8094 4.0053 144.3445 3.9951
627.6273 3.9736 122.6560 3.9951
796.3456 4.0045 80.8762 3.9951
826.3831 4.0053 64.3833 3.9951
41.4688 3.9384 56.5229 3.9951
64.5018 3.9612 503.9996 4.0432
76.3793 3.9731 543.0009 4.0432
752.3231 4.0080 259.0926 4.0432
902.9678 4.0041 237.2156 4.0432
778.4581 4.0226 387.1924 4.0432
855.4570 4.0226 309.3291 4.0432
1815.4050 4.0588 227.1862 4.0525
1952.1035 4.0692 197.6064 4.0525
1555.5145 4.0527 74.2237 4.0432
1610.0732 4.0678 539.7154 4.0916
2114.3183 4.0678 464.8970 4.0916
1262.1789 4.0912 286.4739 4.0916
1460.6518 4.1028 245.5793 4.0916
2435.3187 4.0900 422.2399 4.1012
2488.0301 4.0980 417.0112 4.1012
1705.9975 4.1242 346.6004 4.1012
1632.1603 4.1571 276.9972 4.1012
3996.0231 4.1304 73.0871 4.1012
3822.4006 4.1616 52.1902 4.1012
4519.5657 4.1457 429.9777 4.1500
1837.2608 4.1436 393.3234 4.1402
1932.7422 4.1538 282.3534 4.1402
1807.2600 4.1644 199.1967 4.1402
253.6733 4.1716 257.7266 4.1792
3419.8192 4.2114 279.6684 4.1890
4963.5873 4.2321 134.0338 4.1890
4006.4760 4.2104 371.4288 4.2380
4303.3569 4.2193 370.8289 4.2380
5183.4909 4.2446 248.7182 4.2484
7618.4775 4.2523 299.6840 4.2591
8666.3949 4.2630 172.3354 4.2591
13481.5787 4.2710 210.0199 4.3088
4981.8495 4.3042 354.9082 4.2872
9739.8255 4.2903 283.1771 4.2872
998.1291 4.3284 272.8873 4.2978
783.2225 4.3446 288.3941 4.2978
836.9083 4.3532 301.4115 4.3366
192.7185 4.3622 308.7055 4.3366
155.3243 4.3715 279.3750 4.3366
724.6393 4.3734 164.5288 4.3158
7736.0188 4.3652 339.7050 4.3649
1036.0227 4.4124 230.6338 4.4142
1346.5429 4.4180 267.7695 4.4038
1053.7964 4.3642 299.8841 4.4427
1673.7013 4.4135 114.9725 4.4038
2074.3604 4.4505 264.7720 4.4530
2760.5204 4.4780 218.1430 4.4530
2330.6203 4.4780 230.4329 4.4530
1434.8984 4.4780 229.1183 4.4530
1734.5915 4.4613 234.7788 4.4530
1904.0761 4.4613 235.4806 4.4530
1240.5053 4.4250 181.3235 4.4427
1190.1911 4.4368 176.4383 4.4427
1164.9662 4.4489 172.5444 4.4427
1182.4053 4.4489 174.4798 4.4427
1153.7353 4.4613 212.5435 4.4918
1333.6629 4.5007 179.7455 4.4530
1308.8889 4.4608 162.9585 4.4530
1067.2814 4.4873 243.4271 4.4918
983.2338 4.4739 189.2954 4.4816
984.5616 4.4739 161.8415 4.4816
1090.2243 4.5007 257.7099 4.5307
820.8532 4.5192 206.8139 4.5206
889.2593 4.5336 176.0804 4.5206
906.4184 4.5112 126.3034 4.5206
953.1440 4.5634 137.5278 4.5206
985.0708 4.5231 103.6975 4.5206
1379.6886 4.5373 252.0249 4.5696
1197.7853 4.5650 253.8523 4.5696
1647.5989 4.5727 128.5376 4.5307
1599.7501 4.5727 123.7618 4.5307
1753.2501 4.6036 126.8415 4.5307
1683.5848 4.5880 127.3645 4.5307
1919.5947 4.5355 118.0621 4.5307
1175.8990 4.5829 227.9550 4.5799
390.5733 4.6347 213.5983 4.5799
3767.2109 4.5837 204.5713 4.5799
6941.7244 4.5972 176.9472 4.5799
3615.6755 4.5940 149.1472 4.5799
1156.6992 4.6235 114.4644 4.5799
1383.5705 4.6393 196.6525 4.6293
107684.1646 4.6436 174.6660 4.6293
10614.7688 4.6200 141.9725 4.6293
19526.2799 4.6945 109.6344 4.6293
15242.7728 4.6643 91.2482 4.6293
5688.0182 4.6938 150.4729 4.6681
32893.9296 4.6762 187.8189 4.7176
817109.0390 4.6884 227.5317 4.7564
18239.6468 4.7304 147.5704 4.7069
11990.8795 4.7137 217.4480 4.7564
6761.7569 4.7137 213.5232 4.7564
1257.3435 4.6811 135.1061 4.6864
1191.2451 4.6811 135.8127 4.6864
1825.4385 4.6571 223.3726 4.7354
3930.7558 4.7055 150.5916 4.6965
912.4001 4.6944 171.0542 4.7069
50199.9473 4.7304 101.6615 4.6681
921.9615 4.7101 99.3395 4.6681
5630.1813 4.7055 91.2761 4.6576
1469.0704 4.6911 129.6306 4.6864
1556.0912 4.6911 186.7733 4.7354
1529.1746 4.6911 81.2153 4.6474
1446.8336 4.6911 82.5630 4.6474
1404.7246 4.6911 79.8421 4.6474
1518.6486 4.6442 205.3032 4.7354
1708.9443 4.6571 213.2581 4.7354
1706.2456 4.6704 153.0050 4.6965
1620.0789 4.6704 152.5310 4.6965
1679.5512 4.6615 148.7564 4.6965
1914.7102 4.6615 150.2115 4.6965
2923.6376 4.7055 139.7397 4.6965
3052.7098 4.6905 138.3122 4.6965
648.0322 4.7307 97.3149 4.6576
444.9963 4.7156 102.0747 4.6576
446.1892 4.7156 101.9056 4.6576
960.7509 4.7074 100.0828 4.6576
786.0414 4.7074 203.5851 4.7457
936.5369 4.7153 202.4698 4.7457
859.8939 4.7153 205.1514 4.7457
1712.3042 4.6615 143.9924 4.6965
1020.2064 4.6443 118.7709 4.6864
666.3476 4.6477 199.0385 4.7644
679.3202 4.6477 195.1826 4.7644
1659.5957 4.6905 164.9023 4.7354
678.3721 4.7558 147.2332 4.7564
592.3743 4.7558 145.9589 4.7564
650.3428 4.7637 194.8021 4.7951
606.5268 4.7074 90.0536 4.7069
595.2775 4.7074 88.7590 4.7069
561.2428 4.7074 85.4444 4.7069
2349.2904 4.7219 127.7112 4.7457
1467.5533 4.6908 144.5684 4.7845
1531.4568 4.6908 68.9879 4.6965
547.4776 4.7805 176.5453 4.7951
504.7239 4.7805 177.0901 4.7951
479.1377 4.7533 179.5694 4.7951
627.8301 4.7637 163.1877 4.7951
487.9358 4.7307 128.7657 4.7457
472.8713 4.7307 129.9259 4.7951
500.8950 4.7307 121.0562 4.7457
501.5422 4.7307 112.0096 4.7457
471.7775 4.7307 107.9126 4.7457
578.2474 4.7805 132.3392 4.7951
12794.1009 4.7871 149.9754 4.8447
520.1850 4.7589 155.2972 4.8834
597.1763 4.7426 119.8740 4.7951
550.4452 4.7534 79.9919 4.7457
1796.8348 4.7512 123.2270 4.7845
1807.8923 4.7512 114.2699 4.7845
1778.3516 4.7663 105.3466 4.7845
493.1806 4.7910 126.4070 4.8339
482.7721 4.7939 87.0849 4.7951
27700.4557 4.8288 108.9728 4.8447
27539.4885 4.8288 104.7903 4.8447
100366.1697 4.8341 118.3960 4.8944
74428.3727 4.8475 112.2408 4.8944
16833.4053 4.8676 118.1591 4.8944
30913.7124 4.8676 110.2106 4.8944
11640.8555 4.8812 104.6116 4.9443
4994.2042 4.8946 122.8755 4.9829
17828.1975 4.9408 89.8877 4.9443
6780.4676 4.9564 114.8087 5.0328
31929.0856 4.9778 88.8383 4.9943
8027.8411 4.9669 102.6574 5.0328
9446.1094 5.0148 90.8619 5.0328
5441.5911 5.0041 98.1723 5.0714
7197.7397 5.0279 86.0525 5.0714
16828.3173 5.0608 74.1437 5.0714
85646.9169 5.0856 64.0259 5.0714
97782.1259 5.1097 72.3834 5.1100
8561.9268 5.1464 63.8237 5.1100
32894.4327 5.1561 66.0837 5.1486
22459.6671 5.1780 51.8649 5.0601
138861.5099 5.1641 55.3460 5.1872
97915.5526 5.2066 63.1496 5.1872
19013.9084 5.2209 55.0756 5.1486
23239.9902 5.2515 56.9305 5.1872
11451.5037 5.2515 56.1561 5.1872
26585.8522 5.2213 49.9560 5.1872
26465.9510 5.2363 61.1947 5.2258
31117.4410 5.2213 58.2958 5.1872
313739.4689 5.2572 60.5834 5.2258
12571.2931 5.2004 60.4258 5.1374
427.8040 5.2397 65.2677 5.2258
30032.6740 5.3112 57.7862 5.1872
7411.0065 5.2838 55.2418 5.1872
35630.7396 5.2363 55.4121 5.1872
40968.3252 5.2363 54.9852 5.1872
165475.0231 5.2572 50.2257 5.0988
13566.8259 5.2142 63.8441 5.1374
12483.5100 5.2004 57.2714 5.0988
18839.8609 5.1699 66.1560 5.0988
470.0928 5.1452 91.2423 5.1374
471.8915 5.1452 91.0233 5.1374
73979.2598 5.1418 89.4212 5.1872
43009.9329 5.1561 91.0142 5.1872
136461.3119 5.1418 61.8814 5.0601
424.8938 5.2319 64.8891 5.1872
455.2171 5.2018 66.6293 5.1872
240747.3351 5.2213 63.4826 5.1872
12847.7319 5.2004 61.6397 5.0988
10836.9819 5.2004 63.9970 5.0988
97271.4772 5.1780 67.6260 5.0988
19769.9033 5.1780 71.6039 5.1872
32263.5613 5.1418 57.0259 5.0601
7704.6001 5.1464 75.2733 5.1486
8166.0578 5.1464 72.2867 5.1486
8652.0902 5.2080 64.6350 5.1486
14616.3015 5.2142 59.3925 5.0988
53868.5856 5.2426 51.0906 5.0988
420.0687 5.2700 47.7510 5.0988
432.1359 5.2397 62.5922 5.2258
419.2232 5.2397 60.3273 5.2258
69281.9959 5.2611 54.9173 5.1872
7703.8615 5.2515 52.8661 5.1872
14116.7122 5.2932 54.0631 5.1374
417.5253 5.1911 69.6330 5.1762
418.6174 5.2672 54.6525 5.0879
2300.1294 5.1597 60.9046 5.1266
