#  Format: 
#    1) Maximal reconnection rate at closest pressure dip 
#   2) Distance from earth 
#   3) Rate from critical 
#   4) Distance from critical
877.0552 3.9804 240.5522 3.8697
241.1278 3.7248 115.5697 3.6802
154.5084 3.9795 302.1594 4.0432
369.2856 4.3042 58.4771 4.3234
94.8563 5.0479 nan nan
98.7295 4.6240 56.2542 4.6136
499.9217 5.0039 82.4082 4.8354
102.8453 4.6080 54.9962 4.5830
229.4095 4.3945 52.6117 4.4368
504.7558 4.4648 107.1721 4.4676
262.4214 4.2865 65.1844 4.3050
112.8284 4.7111 53.2413 4.7329
134.6871 3.9109 55.2040 3.8956
233.1547 4.3499 79.0981 4.3488
677.8094 3.8487 217.6083 3.7071
813.5929 3.9493 367.4306 3.9512
11.8988 5.2522 nan nan
942.7154 4.4601 199.4004 4.4326
94.1061 5.8755 23.2947 5.4415
66.9467 3.8603 62.7144 3.7764
1012.7276 3.8932 392.0252 3.9589
1.8640 6.1858 136.5514 4.1811
166.1745 5.1520 76.7584 5.0961
72311.6789 4.2673 281.8801 4.2423
110.1750 4.4533 41.3490 4.4609
96.7999 5.3465 nan nan
104.9209 3.7979 552.7592 3.9064
20.9528 3.6911 238.8790 3.8234
5.5088 6.1211 nan nan
3501.3868 4.3128 274.4892 4.3335
116.6866 5.1647 nan nan
6175.8473 4.4503 233.6665 4.3587
1499.7844 3.9722 34.1053 3.9279
34.5355 4.9348 nan nan
108.2157 3.8225 58.1212 3.8045
77.5229 5.6570 20.5828 5.2725
201.4603 4.3446 49.1704 4.3274
1367.5924 4.1367 149.6569 4.1489
5084.2203 4.1961 274.1264 4.2133
9.2002 6.3104 nan nan
101.5381 4.6377 39.0925 4.6886
573.5421 4.1391 159.5261 4.0248
130.1891 4.8741 nan nan
113.3718 4.3289 50.5612 4.3414
136.2714 3.7763 56.8249 3.7575
119.8196 3.8316 83.7985 3.8045
992.2937 4.1197 290.0208 4.1867
3309.9234 3.8954 530.2995 3.9186
138.1120 3.7699 72.4149 3.8187
78.6907 3.9511 162.6362 4.0432
348.1325 4.3662 101.2041 4.3735
3.4142 6.1473 28.5819 3.5914
7755.6184 5.1900 162.5333 5.1154
233.1599 4.3774 43.7456 4.3887
154.3839 3.7860 73.5889 3.7252
137.3477 5.6149 31.0881 5.3040
485.5178 5.0039 104.1049 4.8354
1326.0171 3.9349 227.6939 3.9765
1.5346 6.1433 84.7946 3.6908
152.7181 5.1647 nan nan
1771.7589 4.7408 202.6553 4.6025
100.9407 4.6814 56.6110 4.6886
193.4721 3.9337 44.5832 3.8779
102.7424 5.6570 26.9894 5.2725
236.1814 3.8085 106.4573 3.7658
3.1129 6.1473 70.3445 3.6959
8763.9780 5.1507 82.1114 4.9348
87.6367 5.7085 26.4779 5.3242
33.4802 5.3763 nan nan
245.7082 4.4375 75.7588 4.4060
1173.3840 3.9125 232.2142 3.7665
204.5032 3.9631 118.2786 4.0179
14196.4172 4.0943 260.6597 4.0108
0.8990 6.1889 123.4218 3.5967
1321.5209 4.6164 165.9342 4.5067
161.6534 3.7860 82.2895 3.7252
2.6192 6.3829 nan nan
140.3037 4.2931 49.3120 4.2969
274.7633 3.8963 61.5162 3.8970
20152.0519 3.8927 230.2436 3.7571
141.8214 3.7860 89.5469 3.7575
9.5938 3.5703 272.4778 3.7071
646.8588 5.1698 109.4217 4.9859
109.8395 4.4754 47.9224 4.4914
29029.1501 3.9182 525.0271 3.9438
493.5942 5.2137 90.8769 4.9859
152.3243 3.8173 108.2670 3.7668
8.8854 3.9277 231.6305 3.7732
1373.1350 3.8341 224.6439 3.7290
617.8040 4.8548 189.4179 4.6870
27.4807 6.0019 12.6892 5.6627
44.0883 3.6905 139.1333 3.8234
752.7838 4.1644 205.9430 4.1886
14.0001 6.3412 4.5080 6.0025
2.0194 6.1356 166.4941 3.8779
1.0589 6.1032 174.6165 3.8449
198.3788 5.0743 nan nan
201.4958 3.8467 134.9094 3.9064
93.7135 5.7413 25.5393 5.2960
256.0291 4.3721 78.6999 4.3488
1.7137 6.1763 88.0959 3.5306
185.5184 5.5838 46.3401 5.2725
2857.5946 5.0587 182.2787 4.9154
254.2964 3.8716 120.4527 3.8314
91.1078 5.1995 nan nan
1884.0256 4.2216 175.8717 4.1568
17.5980 3.8504 120.2962 3.9602
35.7714 5.2251 nan nan
1635.6235 4.0804 224.1445 4.0723
507.0371 4.4137 79.1470 4.4676
1020.5590 4.0956 209.5044 4.1264
758.0832 4.4613 141.9187 4.4647
6.8626 6.3351 nan nan
243.0420 4.4281 71.8532 4.4368
103.2059 4.6048 58.9053 4.6136
21.1061 6.0019 8.7520 5.8006
1782.9601 4.7278 171.7182 4.6233
29.5399 3.6315 80.6522 3.7732
221.7033 5.0683 120.1022 5.0840
210.4255 3.9803 44.5210 3.9589
648.9041 3.8144 393.0119 3.7014
1816.5359 3.9179 135.0459 3.9263
1299.5270 3.9886 263.7265 4.0320
290.8050 3.9108 156.5669 3.8543
2735.2137 4.1961 301.1565 4.2456
3.1851 6.1515 105.6916 3.4921
1.9598 6.1559 61.0288 3.5306
585.6768 3.8191 306.4623 3.7852
1201.3528 4.1918 185.6151 4.1867
1060.2555 4.1670 165.1676 4.1992
10065.5032 4.1184 191.5450 4.1039
1.0110 6.0989 218.6138 4.0099
272.9102 4.2865 32.7400 4.3050
213.7685 4.4121 71.6817 4.4547
103.7524 4.6517 48.2372 4.6274
1051.9064 4.0680 272.9116 4.1133
102.9836 4.5738 65.7903 4.5693
24161.8589 5.1907 138.7528 5.1154
18.9410 6.0337 8.0099 5.8645
3.4018 6.1473 71.6254 3.5914
283.9413 4.0201 92.9915 3.9512
11.8187 6.3869 2.5680 6.1206
110.1296 3.9267 300.5962 4.0179
130.2744 4.2854 46.1123 4.2969
100.4601 3.8550 68.8637 3.8612
26.0612 5.2857 nan nan
112.3422 4.6992 65.6390 4.7024
642.0145 4.8124 126.3935 4.6659
94.6865 5.1345 nan nan
11.9425 5.2212 nan nan
192.2088 5.1647 nan nan
118.3442 4.8190 62.6956 4.7942
15118.6859 4.9912 240.9915 4.8288
309223.4348 3.8922 193.5853 3.7855
132.4220 3.7918 75.0749 3.7575
79.2830 5.7711 23.1735 5.3986
161.8773 3.9179 79.1063 3.8860
2199.3253 4.5087 246.6833 4.4113
60.5773 5.6259 27.6009 5.2267
1437.9885 4.1071 318.1268 4.1133
110.3662 3.8898 206.3103 3.9805
82.5153 5.8024 26.3622 5.4302
974.1911 4.7303 175.4847 4.6233
1708.2003 4.1584 267.7981 4.1906
295.3822 3.9349 143.8575 3.8970
2.3436 6.1473 77.3599 3.7014
115.1414 4.4601 50.2644 4.4305
1103.3733 4.7021 116.8203 4.5598
606.2832 3.7483 349.3076 3.7014
91.4711 5.2251 nan nan
2.4631 6.1006 216.2360 3.8283
26.7433 3.7369 596.9935 3.8666
216.6317 3.6252 151.4801 3.5583
218.4730 3.8469 126.6704 3.6860
1094.3630 4.1570 449.2451 4.0512
200.3801 3.7708 78.8108 3.7131
4211.5570 4.3128 301.5531 4.3335
115.1326 4.6517 62.6072 4.6274
907083.1469 4.0284 112.1442 4.0179
103.4149 4.5942 57.9229 4.5830
212.5772 4.4150 76.6698 4.4237
53.7743 3.9425 448.8681 4.0471
103.9430 3.8273 93.8109 3.8287
346.6723 4.3391 94.6111 4.3234
3.2577 6.1515 69.2583 3.5033
148.7412 3.8123 73.3612 3.7897
120.3911 4.7575 51.8491 4.7192
197.2914 3.9034 380.9798 3.9697
5625.6530 4.4263 177.8578 4.3271
121.5763 4.2854 58.4832 4.2969
111.0922 5.7193 32.9985 5.3040
1566.1868 4.2366 109.8633 4.1568
1350.7654 4.0280 236.5888 4.0726
1134.7852 4.0595 302.2978 4.1051
6.7792 6.2248 nan nan
2.9702 6.1312 48.1473 3.7731
478.8294 5.0039 111.4980 4.8354
174.2667 5.2667 54.9897 5.0587
95.2482 4.6239 46.9442 4.6000
1289.5630 4.2177 307.3170 4.2515
590.5740 4.5764 127.6100 4.5820
1033.1597 4.1616 304.6469 4.1811
84.0491 5.7817 24.1459 5.3355
2462.1337 4.1056 278.4420 4.1043
1213.9281 4.3796 145.1317 4.3587
786.7892 4.1318 231.0798 4.1683
2.6269 6.1473 77.2648 3.6628
9.9515 3.8022 281.1924 3.9515
16.1468 6.1187 5.0138 5.9505
262.5777 3.9035 246.8702 3.9364
21.7236 3.6918 232.9318 3.8234
110943.3228 3.8795 449.5254 3.8711
114.8077 4.7415 71.6038 4.7329
138.2145 4.3137 24.7506 4.3396
211.0815 3.8330 21.7922 3.8314
123.2570 4.3150 35.0833 4.3251
671.2625 4.7718 175.2240 4.6659
243.8798 4.4375 45.2861 4.4501
1365.7197 4.2892 229.1740 4.3248
133.4630 3.9386 74.6442 3.9144
1017.9159 3.9575 130.3477 3.9669
5.6183 3.6735 219.4461 3.7401
110.2961 4.6436 77.1216 4.6580
128.8173 4.7548 66.8164 4.7329
105.2001 5.5246 28.8702 5.2143
918.7051 4.0143 177.6148 3.9397
278.3409 3.8316 56.0250 3.7882
1019.9685 3.8328 119.2289 3.7918
15.4248 5.8995 nan nan
92.2763 4.9748 50.8400 4.7635
11.9261 6.3326 3.7236 6.2947
143.9716 5.2910 38.9462 5.0715
14.7819 3.6410 253.4508 3.7732
2134.8991 4.1701 261.8877 4.1542
1473.7218 3.8715 280.6453 3.7344
97.4349 4.6104 56.8754 4.6580
1635.8960 4.1714 298.9877 4.1867
22.1684 3.6549 241.8462 3.7811
598.9231 4.8729 128.1901 4.7085
166.6218 4.2994 66.6172 4.3109
17.3839 6.0554 7.4985 5.7474
546.5228 4.5974 133.7278 4.6135
181.7347 3.9179 89.1051 3.8860
538.0510 4.5570 112.4998 4.5619
342.8486 4.2740 58.5750 4.2923
1.4146 6.1478 113.0503 3.5306
113.8369 5.1870 31.7321 5.0096
11.2604 6.3869 1.4973 6.3228
103.5891 4.3585 56.4859 4.3719
118.5583 5.2176 42.2034 5.0715
134.7882 3.7839 44.1732 3.7575
104407.0050 4.0107 132.4610 4.0031
706.0205 3.8422 204.3739 3.7437
103.2109 4.6403 35.1913 4.6580
298.0143 3.7609 106.6638 3.7478
219.9997 4.3446 62.6113 4.3580
29.0200 5.5633 nan nan
180.0897 4.3150 62.3315 4.2969
773.4113 4.0160 362.9709 4.0064
1.8574 6.0181 181.1456 3.8061
729.8110 4.0804 202.0722 4.1297
7.2896 6.3158 nan nan
159.8653 3.9965 35.7516 3.9019
156.1027 3.7853 67.1289 3.7668
162.0384 3.7945 83.3530 3.7764
9.0843 3.9382 255.0613 3.7811
3423.5622 4.8354 190.7633 4.6564
10662.7179 4.0423 168.0017 3.9183
1634.3506 4.2857 102.1448 4.1674
526.0429 4.4193 123.8737 4.4221
115.1772 4.8146 77.4683 4.8354
82.2688 5.7505 24.1711 5.4100
1336.9858 5.0244 111.5443 4.8484
141.7130 3.8463 170.3526 3.9030
0.9419 6.1654 88.0116 3.6908
1597.1876 4.1363 246.0858 4.1306
168.7215 3.9071 449.2195 3.9730
727.4074 3.9871 446.8086 3.9730
3498.3395 4.8699 113.3834 4.6601
339.0916 4.3571 113.8303 4.3735
94.7856 5.8337 28.7402 5.4302
81.4782 4.6727 59.8660 4.7512
91.4301 5.0743 nan nan
1193.0916 4.1225 310.2099 4.1376
151.3514 3.8078 99.7109 3.7897
549.6872 4.9727 104.1067 4.8037
159.9238 4.2715 38.2674 4.2805
50.7428 5.1044 nan nan
173.6589 5.4905 43.4445 5.1754
10426.3128 3.9723 294.6017 3.9371
185.8418 3.9421 40.7315 3.8866
2717.7027 3.9327 380.2584 3.9669
757.6507 3.8900 678.5054 3.8897
1173.7044 4.3283 294.2534 4.3248
1.6556 6.0606 175.2162 3.8061
138.4994 3.8195 193.6904 3.9030
94.0725 4.6675 48.5449 4.6749
1017.5270 3.9965 388.8552 4.0726
97.7000 4.6377 50.6424 4.6136
20.9904 5.9808 6.3566 5.9184
1.2505 6.1321 123.0022 3.6860
46.9908 5.9277 24.5142 5.5047
98.4813 4.6176 58.3826 4.6136
4.6860 3.8600 676.9243 4.0138
74.7536 5.1388 nan nan
121.2569 5.0376 nan nan
92.5763 4.6239 40.3877 4.6000
97.6689 4.6270 40.4270 4.6442
118.8288 4.3012 53.0526 4.2663
2686.9340 4.4399 366.8746 4.3585
1344.6199 4.1415 214.0806 4.1886
756.1612 4.0957 216.5971 4.1168
6121.1085 4.0283 87.1890 4.0138
126.8479 3.7685 45.0314 3.7484
209.1758 4.4121 56.9688 4.4547
13.7600 5.2832 nan nan
712.5890 4.0108 427.4990 4.0099
2645.8831 4.2625 300.8602 4.2210
27.7646 3.6927 203.7644 3.8234
85.5697 5.5671 20.6379 5.2267
248.9062 4.3215 75.0908 4.3050
1432.8075 4.2040 135.6136 4.2210
575.1908 3.9393 212.5346 3.7770
108.2600 5.5603 nan nan
1128.2866 4.6974 109.4149 4.5491
14.0456 5.3142 nan nan
85.1076 3.8524 1572.2072 3.9730
47.9332 5.8852 23.2034 5.4935
6066.5383 4.2524 376.1560 4.1811
652.3320 4.9066 140.8628 4.7294
1788.4009 4.1648 227.5156 4.1811
125.5546 4.7874 42.4956 4.7469
15.3576 6.3039 5.6682 6.2033
3.1642 6.1473 64.2885 3.6628
873.8834 3.7791 224.7644 3.7918
1071.8204 4.0555 567.8241 4.0512
6327.8097 5.0161 248.8813 4.8721
2780.1593 3.8365 401.0443 3.8457
100.8483 4.6104 39.2625 4.6274
54.9042 5.1949 nan nan
2758.3966 4.0904 228.6585 4.0723
2260.6809 3.9571 181.1354 3.9669
95.6787 3.6571 87.4717 3.7071
1.8188 6.0825 173.6250 4.2227
72.2880 5.4937 16.2524 5.2267
542.2761 4.1158 146.5574 4.0571
128.8635 4.2994 42.6360 4.3109
102.0618 5.1520 29.5249 5.1396
10.1783 3.9245 157.4944 4.0512
1263.0677 4.2457 192.9508 4.2639
10.0569 6.3308 2.8622 6.1206
115.8908 4.3289 37.8861 4.3109
162.7790 3.6659 385.3154 3.7071
2865.9962 4.2776 21.6374 4.2205
70.4934 5.8442 23.1582 5.3986
486.0508 4.9586 95.9249 4.8037
281.8561 3.6552 149.3336 3.6411
6118.2876 3.8364 76.5882 3.8384
0.5600 6.0968 187.6802 3.8721
1620.0875 4.4192 249.9087 4.3587
239.9152 4.4150 82.2779 4.4237
885.3343 4.4236 172.9570 4.4331
105.7039 4.4163 50.9907 4.3859
88.0573 3.6571 86.9378 3.7071
14818.4967 4.2823 396.5518 4.2628
101.7321 4.5803 56.1882 4.5693
91.7956 3.7866 528.0336 3.9064
101.6308 5.7817 27.3683 5.3355
98.3630 3.6486 126.6106 3.7071
12.0982 3.8225 296.5425 3.9693
12.3079 3.6412 317.9528 3.8030
112.2199 4.6316 72.3575 4.6274
13510.9146 3.8477 508.9196 3.8711
2.0818 5.9850 130.3322 3.8061
241.1945 4.3907 71.0939 4.4060
3483.9581 4.2119 255.7517 4.2456
45.6434 5.1647 nan nan
6099.2319 3.8729 414.2586 3.8784
5727.6764 4.0419 236.8253 3.9693
1324.9537 4.2471 345.2666 4.2924
125.0419 4.2854 62.2081 4.2969
138.7087 5.2605 46.3026 5.0405
274.0110 3.8429 117.3877 3.7147
2533.0008 4.7670 141.7970 4.6135
127.4531 3.9148 751.7613 4.0064
215.9145 3.8569 191.3298 3.8455
129.4747 5.0649 128.2232 5.0840
472.6173 5.0039 74.0849 4.8037
1.8650 6.1515 102.8682 3.7344
2501.3501 3.8563 914.0569 3.8711
8.3206 6.3465 nan nan
32.8389 5.5946 nan nan
36.2949 5.1949 nan nan
109.3429 4.6614 65.3822 4.6580
42.5360 5.8959 21.4493 5.5047
1.5710 6.1726 102.6942 3.5306
2076.2908 3.9179 106.0881 3.9263
8.7221 6.3368 nan nan
8.8066 6.3205 2.6524 6.2490
690.7280 3.8048 410.4194 3.7290
136.9095 3.9386 32.4186 3.9243
96.2036 4.6403 53.4835 4.6886
6262.5187 4.1154 187.0758 4.1145
1002.6829 3.9272 386.7831 3.9765
598.4571 3.7844 280.7490 3.7131
100.9007 4.3585 20.3745 4.3859
106.5129 4.3726 36.9301 4.3859
1.2857 6.0172 177.4451 3.8061
697.1488 4.8687 138.0445 4.6976
948.4214 4.0451 96.0472 4.0241
130.2018 3.9104 47.3122 3.8860
115.9452 5.5246 31.4517 5.2143
782.1439 4.6285 127.8554 4.5281
143.1040 5.1388 nan nan
94.7193 3.7759 273.6783 3.8731
249.7154 4.4206 86.4777 4.4368
148.1989 3.9511 77.4738 3.9279
60.5249 3.6761 227.5569 3.7665
149.4499 3.8580 121.3802 3.9030
527.3421 4.5389 112.5561 4.5504
91.2376 5.3156 41.1977 5.2213
8957.6188 4.0540 58.4773 4.0138
17.4105 5.2522 nan nan
27.1341 6.0337 11.3557 5.6627
3.7508 6.3618 nan nan
93.0454 5.4937 26.9076 5.1831
58.4092 5.2251 nan nan
259.4415 3.8467 199.5446 3.9064
13.5606 6.0554 5.2964 5.7792
13.4050 5.9244 nan nan
239.1753 3.9104 85.7722 3.8384
23.4180 5.9393 10.7458 5.6739
104.5066 4.5643 59.1459 4.5386
196.4473 4.0280 93.7397 3.9263
666.2908 4.5667 133.3884 4.5820
1277.5217 4.2963 113.7005 4.3160
769.2419 4.6829 112.6479 4.5598
92.0950 4.6037 47.5187 4.6000
13.9888 6.1397 3.7665 6.0025
2.0562 6.0400 214.8337 3.8336
189.7324 3.9308 102.1535 3.9847
11.8823 5.2522 nan nan
813.5610 4.5337 111.4821 4.4221
6300.7918 3.8770 288.4911 3.8970
74.1314 5.7449 nan nan
99.9414 4.6538 43.1677 4.6719
56.0248 5.1647 nan nan
107.1292 4.8146 109.9531 4.8672
5085.7576 3.8633 617.9513 3.8784
3.0935 6.1515 27.4562 3.5363
98.3995 4.5941 59.9303 4.5693
2124.1364 4.0471 1958.1886 4.0471
145.6035 3.8856 628.1055 3.9667
17.2667 3.6860 255.5754 3.8187
235.8953 3.5799 99.9470 3.5636
6.9612 6.0548 nan nan
166.2887 3.7860 82.7060 3.7252
146.0753 3.7774 72.3081 3.7161
1.7777 5.9840 162.5601 3.8061
108.6166 4.6054 74.7237 4.6136
372.9661 4.3875 111.1352 4.4049
98.7521 4.6675 37.7643 4.6442
235.2469 3.6252 159.9884 3.5914
3.0133 6.0542 152.7295 3.7344
155.0677 3.7950 42.8461 3.7764
165.7792 5.1214 nan nan
13.8925 5.2832 nan nan
90.1538 4.6654 48.5337 4.6000
2692.9111 4.2986 303.5368 4.2527
95.5862 4.6080 50.0037 4.6580
262.3947 4.2787 99.5814 4.2923
2492.1575 4.2426 140.2894 4.2103
2.3536 6.1433 78.9047 3.6908
114.5660 4.8144 65.5472 4.7942
1649.9082 4.1800 214.7083 4.1542
35.2825 5.9282 17.0444 5.6203
3.0577 6.1515 105.5875 3.4921
141.7189 3.9595 52.7445 3.9371
1044.0481 3.9104 343.7590 3.9589
3.1779 6.1515 95.8900 3.5306
538.5347 4.6015 125.6021 4.6249
106.9263 4.5783 37.8873 4.5219
120.0261 4.7539 106.5877 4.7974
116.1761 4.7532 55.5884 4.7329
1582.1887 3.9426 434.6986 3.9669
989.8675 4.1397 381.3591 4.2191
2193.9343 4.8663 95.1770 4.6564
203.6861 3.7831 104.7482 3.7658
247.3154 4.4247 53.9564 4.4368
331.4357 5.2315 63.4585 5.0174
14.0406 6.2717 5.8354 6.1386
46.0242 6.0428 14.6284 5.6413
79.4895 3.9292 574.0077 4.0138
120.1079 5.1209 67.4534 5.0648
2277.8869 4.2499 269.5979 4.2688
99.4852 4.5675 62.4361 4.5693
1533.9274 4.2764 144.7114 4.2954
30.6187 4.8730 nan nan
253.1796 3.9567 121.9925 3.9438
158.1105 3.7928 86.1292 3.7668
253.3752 4.3391 69.2631 4.3488
1232.5785 4.6722 153.4112 4.5916
128.0884 5.2251 nan nan
1.6016 6.1473 130.1684 3.7290
4478.5393 3.9730 487.6930 3.9465
87.0176 4.7356 147.2370 4.8288
104.8949 3.8629 85.7847 3.8694
108.2079 4.3726 32.7282 4.3859
183.8575 4.3176 50.5213 4.3274
112.4221 4.7409 76.1958 4.7192
2240.0998 4.2494 210.1845 4.1674
2826.1253 4.2893 310.3390 4.2527
422.6082 4.4036 119.4610 4.4049
8.6455 5.1903 nan nan
13.5780 6.1397 3.1748 6.0025
2509.5136 4.2596 274.4046 4.2227
3.3040 6.1473 94.4258 3.6959
46.0896 5.5946 20.0130 5.1956
1.8597 6.0400 254.0046 3.8666
1835.4698 3.9803 319.2232 3.9994
2.4910 6.1335 244.9501 3.8283
149.7519 5.0743 nan nan
238.4787 3.5799 99.2950 3.5636
266.7496 3.6868 173.1698 3.6353
120.5724 4.8146 79.9558 4.8354
26.9140 6.0337 11.4052 5.6627
1969.2771 4.2045 158.6894 4.2042
300.9513 3.9493 152.3179 3.9367
150.6489 4.2854 57.0759 4.2663
2.8070 6.1515 97.1716 3.7731
263.7357 4.3215 32.9079 4.3488
177.1701 4.3012 32.9624 4.3109
2.8705 6.1559 105.0249 3.4921
43.5562 4.1644 97.4225 4.2205
986.0900 4.1214 224.2200 4.1363
2515.3567 4.0621 219.5516 3.9693
2.8283 6.1473 56.8542 3.6298
658.3993 4.5781 127.1825 4.5933
104.4741 4.6080 51.6387 4.5830
129.6399 5.2300 40.0866 5.0096
1.2826 6.1433 79.3800 3.6959
101.5450 4.6080 45.4120 4.6580
154.4348 3.8229 93.9115 3.8131
257.8900 3.9736 62.3022 3.9765
45.6623 5.8641 22.6849 5.4731
1328.2586 4.6497 212.2876 4.5386
870.1069 4.1753 313.4193 4.1783
503.1182 3.9185 212.5606 3.8956
114.3056 4.7291 75.1313 4.7329
1465.0074 4.2676 160.8922 4.1568
64.8997 3.7309 388.4915 3.8398
7.2782 6.3064 2.4332 6.3091
290.3368 4.2586 57.3026 4.2923
12.5064 5.2212 nan nan
877.5438 5.0709 162.0041 4.9589
1221.0621 4.7408 140.1052 4.6341
66.2171 5.8024 24.3798 5.4302
52963.7298 4.2187 342.5911 4.0844
297.6659 3.6060 137.8756 3.5914
180.5758 4.0279 103.9988 3.9438
271.5910 3.6341 154.4043 3.5583
97.2643 4.7111 47.9704 4.6886
5545.0358 4.1377 76.4795 4.0224
2.0726 6.0400 212.9778 3.8336
97.2391 4.6240 42.3855 4.6136
991.5816 5.1706 77.4507 4.9114
45303.1979 5.0326 106.2005 4.9745
2.6550 6.4038 nan nan
10.3511 5.2212 nan nan
948.5115 4.1940 197.2186 4.1992
11.0849 6.3627 2.6999 6.0885
118.2890 4.7590 60.5973 4.7329
2015.6465 3.8500 89.3039 3.8457
231.9459 4.3608 46.0754 4.4024
96.1185 4.6538 42.7659 4.6307
55.6795 5.1044 nan nan
268.2756 5.3471 71.0963 5.1350
1.5034 6.0071 186.5207 3.8721
24092.4620 4.0591 158.4375 4.0471
22.3847 5.4074 nan nan
74.4351 3.9409 352.9620 4.0512
61.2664 5.0743 nan nan
84.6065 5.1044 nan nan
1.1751 5.9743 202.8867 3.8721
135.7344 3.8564 273.6385 3.9364
2.4936 6.0677 189.2792 3.8565
279.8588 3.9491 71.5633 3.9512
3.2546 6.1515 94.7774 3.4976
1243.8999 4.1473 324.3458 4.1906
99.3304 4.5941 60.7692 4.6000
4.0220 3.9059 898.9026 4.0179
1464.7081 4.3675 117.2226 4.2843
1139.5547 4.1670 155.6365 4.1992
134.0279 5.1647 nan nan
0.9925 6.1689 115.6405 3.6959
355.5672 3.9108 231.8788 3.8866
161.5051 3.9420 90.3042 3.9111
383.1336 4.2740 81.2724 4.2923
96.4233 4.6377 60.1719 4.6442
1944.5288 4.2156 333.7661 4.2365
58.3096 3.6901 362.3089 3.7998
2.5086 6.1473 93.5709 3.6577
130.7765 4.8305 nan nan
115.1167 4.4601 46.9284 4.4002
187.3313 5.0649 131.3633 5.0840
87.8949 5.0243 22.5376 4.8863
113.4471 4.3431 52.4405 4.3109
1401.8287 4.0074 226.1731 4.0000
835.2858 3.8980 534.5326 3.8565
523.8577 4.1412 227.6514 4.0809
911.3526 4.6992 174.4012 4.5916
3.3090 6.1473 81.8051 3.6245
349.7234 4.3344 50.4188 4.3857
219.9141 3.8878 127.9710 3.8575
80.0498 5.8755 26.5199 5.4731
3.0142 6.1473 114.1750 3.6245
1404.7844 4.1976 341.3845 4.2365
30.4871 5.2251 nan nan
2.3232 6.1006 231.6139 3.8234
738.5668 4.8756 104.5478 4.7719
2.3081 6.1559 40.0871 3.5306
75.7955 5.1085 nan nan
456.9927 5.0039 89.7677 4.8354
651.9350 3.7547 344.4390 3.7401
520.7894 4.6395 81.5465 4.6050
1204.4635 4.4763 245.0784 4.4538
34.0553 4.9348 nan nan
754.0554 3.8004 291.0164 3.7918
164.2011 5.1582 nan nan
712.9940 4.1213 254.6025 4.1585
127.9252 4.3214 55.6211 4.3251
1186.4855 4.4826 253.1271 4.4113
4034.2459 5.0284 165.4727 4.8601
15.6574 6.0554 6.6463 5.7474
2206.1898 4.2457 126.8672 4.2639
278.8930 4.2438 72.9558 4.2612
227.4801 4.3983 67.2078 4.4060
108.7244 4.9843 nan nan
312.3714 3.8580 158.6437 3.7105
19.4996 5.8972 8.2844 5.8323
1176.0922 4.2556 262.4319 4.2840
216.7538 4.3945 78.2644 4.3798
703.0060 3.8243 636.2390 3.8234
3849.4726 3.8427 58.2479 3.8384
244.5713 3.6252 142.4910 3.5583
82.1859 5.8549 23.7926 5.3785
1541.5201 4.5028 217.5361 4.3904
250.5964 3.7922 81.1306 3.7478
124.0831 3.9331 75.4445 3.9019
597.0042 4.4255 70.5815 4.4482
4187.7070 4.0488 711.2256 4.0471
3154.9376 4.0539 232.5629 3.9693
53.1717 4.6497 183.1041 4.7739
295.3181 4.0126 90.3733 3.9438
13470.1465 5.1831 217.2917 5.1084
150.0553 3.7774 75.0925 3.7161
987.7254 4.0804 258.9465 4.0432
155.1922 5.6059 35.1965 5.2610
5834.0688 3.9833 111.3329 3.9049
94.8644 4.6973 41.3774 4.6749
121.2686 4.7713 59.8103 4.7329
597.1880 4.8756 114.4217 4.7719
140.0023 5.1345 nan nan
212.3016 5.4484 43.6289 5.1327
160.2822 4.3150 58.5981 4.3274
3.2680 6.1559 90.6351 3.5033
119.8378 4.9832 nan nan
4174.1297 3.8386 127.6033 3.7239
0.4626 6.0039 161.9234 3.8779
176.0619 3.9494 93.9742 3.9186
3788.0308 4.2145 143.6757 4.1568
249.2296 5.3690 69.5528 5.1644
119.2113 4.3012 32.3782 4.3109
16168.3333 3.8821 49.2859 3.8784
82.4627 5.1995 nan nan
170.3645 3.9470 68.6516 3.9243
8.6905 3.6111 236.7079 3.7770
1.7601 5.8228 nan nan
130.6859 5.7193 38.3309 5.3040
2013.2739 4.2337 446.2756 4.0844
230.4034 4.4247 55.2610 4.4677
12.5503 5.2522 nan nan
4273.8264 4.2093 187.4584 4.0512
181.5042 3.8625 126.2035 3.8131
765.0590 4.4940 107.0830 4.5504
0.6493 6.0071 186.7238 3.8721
239.8732 4.3945 86.3758 4.4108
290.7139 5.0959 105.8675 5.1154
1747.8607 4.2904 150.0809 4.2924
260.3653 3.6670 115.7701 3.6473
160.1589 5.1582 nan nan
140.9052 5.6461 33.6269 5.3040
220.9335 4.3774 79.9673 4.3752
3.2931 6.1515 22.8810 3.5636
157.4715 3.9511 38.3819 3.9371
121.1505 4.4307 38.5646 4.4449
107.4887 4.5191 40.9165 4.4914
18.6165 5.6217 nan nan
1162.0511 4.2201 217.4286 4.0983
235.2857 3.8789 61.0693 3.8057
325.8205 3.6311 149.9398 3.5636
82.3216 5.0912 nan nan
286.8114 4.2865 46.6363 4.3050
1.4772 6.1132 129.0611 3.7344
11.1030 6.3829 2.4307 6.1847
141.5342 4.3150 41.5748 4.3251
3.6372 6.3706 nan nan
266.7674 3.9493 125.5676 3.9367
11.7174 3.8194 186.0183 3.9787
2193.7500 4.8244 104.6724 4.6768
100.6062 4.6240 49.1124 4.6136
106.7505 5.8237 27.1596 5.3470
3.1996 6.1515 104.4260 3.4921
120.3476 5.0677 nan nan
62.8459 3.6325 370.9824 3.7071
112.7000 4.3726 44.8546 4.3859
7511.5857 5.0389 200.3361 5.0174
19.6152 6.0114 8.5936 5.6851
101.2487 6.5822 nan nan
551.0879 4.1471 172.0420 4.0571
124.5190 3.7992 49.6981 3.7808
904.0138 4.5421 222.7473 4.4964
2.5057 6.1006 203.2084 3.8336
1234.3256 4.1354 278.1129 4.0138
1319.9022 4.1491 254.1078 4.1811
77.2622 5.1949 nan nan
12.2633 6.0086 nan nan
102.2222 4.6377 47.8454 4.6136
34.7003 5.6572 nan nan
111.9917 4.6913 66.8568 4.6886
1.2988 6.1889 81.5252 3.6741
8.2912 6.3158 3.0686 6.4149
14.4691 6.3412 4.9117 5.9386
235.9153 5.3998 61.8585 5.1224
62.9089 3.6731 295.4033 3.7697
883.6021 4.1224 354.2694 4.1783
671.3426 4.0863 231.7569 4.1074
1639.8014 4.1932 147.2323 4.2100
75.3092 5.8651 25.2100 5.3874
143.0147 3.7774 34.9311 3.7575
486.9043 4.0452 69.7648 4.0338
1321.0657 4.2158 203.7123 4.2210
2134.3015 3.9251 253.2162 3.9344
279.2586 4.2438 55.6800 4.2612
774.2909 3.7905 756.0828 3.7902
250.1178 4.2787 76.9984 4.2612
1647.2112 4.1661 229.2480 4.1906
2695.2310 5.1099 92.4965 4.9348
98.6310 4.6814 52.1492 4.6886
1515.9022 4.1225 304.9484 4.1376
84.2680 5.1647 nan nan
275.5998 3.7384 121.7972 3.6866
1820.3719 4.2186 255.5095 4.2365
8462.7577 4.1424 101.2009 4.0138
11.8069 3.7066 310.4874 3.8731
215.2732 3.8949 171.0148 3.9364
4096.5352 5.0351 149.3585 4.8601
118.9089 3.7804 293.3860 3.8731
214.2579 3.5847 84.4780 3.5636
181.1447 3.9796 27.1351 4.0138
158.2544 3.8089 100.0921 3.7668
3.0531 6.1473 102.3286 3.6628
152.8361 3.7860 71.4943 3.7575
120.5198 4.2877 35.9892 4.2969
653.4090 4.5169 104.8911 4.4990
1260.9260 4.2188 356.2501 4.2688
51.4973 3.6629 183.9597 3.7461
7.4893 6.3158 nan nan
524.9955 3.6856 365.4206 3.7014
626.3237 3.8479 276.1994 3.7918
1169.5347 4.1805 313.7003 4.2133
108.6142 5.0743 nan nan
109.0830 4.5643 47.3466 4.5386
136.3865 3.7774 59.6965 3.7484
66.9199 5.7711 18.7006 5.4302
101.1505 4.5865 57.1335 4.5830
2825.3181 5.0282 161.4810 4.8842
32574.0315 3.9810 301.8341 3.9730
9382.7639 3.8759 299.6021 3.7571
10.4671 3.6577 115.1480 3.8234
6.2557 6.3449 nan nan
1240.5551 3.9001 308.8664 3.7697
198.9531 4.3227 67.4245 4.3274
101.7752 4.6403 41.9697 4.6580
1.0439 6.0019 157.5032 3.8721
106.4875 4.6080 55.4107 4.5830
295.5005 4.2438 65.2736 4.2612
5690.1712 5.0775 59.7777 4.8288
214.8186 4.4281 63.5482 4.4368
220.8701 4.4247 76.8075 4.4677
951.5065 3.9611 144.8276 3.9438
4176.3034 4.1318 163.2859 4.1043
1.5118 6.0981 163.9171 3.8120
113.7949 4.7532 79.1005 4.7635
3175.1324 4.2814 278.3678 4.3011
8.4081 3.9295 315.2346 4.1219
796.5355 4.3379 170.0664 4.3587
71.1283 5.3515 52.4605 5.3202
77.6128 5.0716 27.5305 4.9657
156.6902 3.9308 675.1564 4.0099
1104.7474 4.0474 1030.7468 4.0471
3120.4815 3.8924 268.6575 3.7571
104.5493 5.7920 29.0285 5.3874
173.6230 5.1345 nan nan
161.4664 3.7860 41.8389 3.7668
235.7323 4.4021 87.6453 4.4108
110.7947 4.3726 32.8481 4.3859
6.3878 6.3563 nan nan
3.1586 6.2063 179.5660 4.2227
151.0326 3.7774 76.5165 3.7161
43.2617 5.2857 nan nan
1371.2673 4.7925 250.0560 4.6551
1916.2837 5.1082 149.2496 4.9661
870.9102 4.1053 300.1175 4.1783
6983.5922 4.3536 319.4603 4.2843
203.5290 3.9736 100.6768 3.9438
103.1346 5.2251 nan nan
186.6012 3.9308 56.2191 3.9730
223.0154 4.3907 68.1714 4.3752
22.2271 6.1795 nan nan
107.8885 5.5864 25.7094 5.2455
217.1612 4.3744 50.9712 4.3887
141.0464 3.8086 75.9366 3.7808
114.1496 5.2554 nan nan
231.5232 4.3608 39.5065 4.3719
101.5225 5.3161 nan nan
106.1452 4.5643 60.3999 4.5386
6603.8174 5.1609 74.8840 5.0840
970.4015 4.1944 234.4690 4.0895
51.7156 4.7247 340.2390 4.8572
34.5723 5.4385 nan nan
223.7293 3.8462 89.6185 3.8384
108.2006 4.5487 46.2527 4.5219
100.2582 4.5506 57.5139 4.5251
1464.7150 4.0009 204.7561 3.8731
180.8833 3.7904 309.1495 3.8731
3.3978 6.1515 100.0632 3.5583
216.2184 4.4021 51.6656 4.4547
402.5254 5.2006 104.2791 5.0174
899.2472 4.1980 150.2816 4.1886
14.1214 5.2832 nan nan
111.7869 5.6217 nan nan
60.2928 4.9967 48.6829 4.9787
112.1250 4.6814 48.5948 4.7024
699.2494 4.0336 545.0320 3.9228
4.2535 3.9059 431.8984 4.0179
507.5983 3.9513 245.9554 3.9279
101.1813 4.6517 46.6408 4.6274
14.8490 6.0127 5.7098 5.8748
3628.4317 4.1429 273.1374 4.1585
109.3178 4.4533 38.5092 4.4609
2.6556 6.1559 99.2872 3.4921
267.3922 4.3292 44.8878 4.3488
1540.7504 3.9722 368.0809 3.9994
243.7304 4.3644 67.9328 4.3488
1076.2934 4.3938 208.5661 4.3587
120.2799 4.8905 nan nan
13.1321 6.0762 4.8504 5.9705
98.4422 4.6814 54.5971 4.6886
102.7052 5.7925 27.6690 5.3156
