Format:
           1) Time
           2) Maximal reconnection rate at closest pressure dip
           3) Distance from earth
           4) Rate from critical
           5) Distance from critical
2023-02-26_20:15:00   69.5610   13.3734   9.5473   8.9061
2023-02-27_00:55:00   809.1786   14.2436   18.3187   10.0105
2023-02-26_20:10:00   69.8081   13.6643   7.3379   8.7025
2023-02-27_02:30:00   38.3238   13.3911   9.6705   9.4767
2023-02-26_23:50:00   186.3917   13.5799   116.0974   13.4269
2023-02-26_17:05:00   176777.1731   13.3576   176777.1731   13.3572
2023-02-27_00:05:00   58.8496   13.5799   33.9696   13.6388
2023-02-27_00:10:00   56.6385   13.4766   26.3514   13.6388
2023-02-26_21:25:00   281554.2623   12.8378   48.0212   13.3649
2023-02-27_01:45:00   34.3647   13.2717   9.3922   9.8569
2023-02-26_17:00:00   8216.5607   13.1738   5640.0484   13.3572
2023-02-26_23:10:00   772.1464   14.2707   197.5851   13.4078
2023-02-27_00:00:00   55.9545   13.5799   28.3538   13.6283
2023-02-26_20:00:00   106.5858   13.5262   7.0104   9.1073
2023-02-26_18:55:00   903.4591   13.8459   345.6896   13.1572
2023-02-26_13:15:00   122.2309   12.7989   12.9781   14.3841
2023-02-26_20:30:00   141.3409   13.5181   14.1476   8.7037
2023-02-26_15:10:00   130.6905   14.0735   5.7158   13.5642
2023-02-26_23:45:00   326.8477   14.1602   101.2149   13.4170
2023-02-26_15:00:00   125.5832   13.9811   7.7262   13.5642
2023-02-26_16:15:00   186.7514   12.8424   32.0173   13.3580
2023-02-26_17:25:00   1726.9765   13.1560   1726.9765   13.1556
2023-02-26_20:35:00   131.8849   13.5181   17.3420   8.7061
2023-02-26_16:05:00   106.4878   13.0370   28.0484   13.3595
2023-02-26_16:25:00   418.7112   12.7882   175.8988   13.3580
2023-02-26_15:20:00   77.5828   13.8333   5.2549   13.5642
2023-02-26_13:45:00   174.7125   13.0441   64.5338   13.5710
2023-02-26_16:30:00   1604.7152   13.0363   450.7514   13.3572
2023-02-26_18:05:00   285.7122   13.0363   79.8964   13.1556
2023-02-26_21:30:00   12239.6117   13.2811   142.5672   13.3649
2023-02-26_13:35:00   174.6250   13.1089   14.1524   13.7732
2023-02-26_16:50:00   34153.6766   13.5630   20430.5766   13.3572
2023-02-26_15:15:00   124.8756   13.9833   6.2696   13.5642
2023-02-26_17:45:00   326.3264   12.7882   129.2007   13.1556
2023-02-26_19:55:00   87.1433   13.5262   5.8602   9.3097
2023-02-26_23:15:00   3119.6015   15.1179   308.3403   13.4078
2023-02-26_17:30:00   2.5541   13.4856   586.6789   13.1549
2023-02-26_20:25:00   76.6484   13.3734   9.4230   8.7037
2023-02-26_23:00:00   1824.1066   14.2105   95.5455   13.3994
2023-02-26_20:20:00   77.8497   13.3734   10.3318   8.9061
2023-02-26_15:30:00   125.6981   13.9833   10.2137   13.3618
2023-02-27_04:00:00   36.9658   13.5050   6.4116   9.2978
2023-02-26_13:25:00   112.6811   12.7230   41.3905   13.5755
2023-02-27_02:20:00   37.6791   13.3362   9.6963   9.6756
2023-02-26_22:30:00   754.0677   14.0965   60.1411   13.5936
2023-02-26_13:20:00   148.7824   12.9153   26.8540   13.5755
2023-02-27_03:25:00   39.9004   13.3630   8.3163   9.4962
2023-02-26_17:10:00   37570.4990   13.5630   24597.5457   13.3572
2023-02-26_18:50:00   1027.5298   13.8459   364.8428   13.1572
2023-02-26_21:30:00   12239.6117   13.2811   142.5672   13.3649
2023-02-26_19:40:00   453.0755   12.9853   193.4487   12.9572
2023-02-27_03:45:00   35.1403   13.3630   7.0978   9.2978
2023-02-26_23:15:00   3119.6015   15.1179   308.3403   13.4078
2023-02-26_21:00:00   345.6222   13.2549   22.7368   8.9084
2023-02-26_19:15:00   3.8792   13.5902   399.3446   13.1572
2023-02-26_22:10:00   274.6028   13.0113   15.9101   9.7366
2023-02-27_04:10:00   36.5075   13.7498   6.3229   9.0997
2023-02-26_22:45:00   461.5143   14.0117   49.0332   13.3917
2023-02-26_15:05:00   88.6630   14.0054   6.5463   13.5642
2023-02-26_20:40:00   220.6869   14.5244   13.9947   8.7061
2023-02-26_23:35:00   969.0967   15.0279   213.8092   13.4170
2023-02-26_19:30:00   4517.0050   13.1607   2214.5106   13.1556
2023-02-26_21:10:00   2072.7222   13.5604   19.9772   9.1107
2023-02-26_17:15:00   16342.0001   13.5630   15452.8259   13.3572
2023-02-26_16:10:00   134.6805   13.0370   38.9231   13.1572
2023-02-26_18:40:00   809.3826   13.8252   289.8506   13.1572
2023-02-26_14:50:00   72.1287   12.7141   11.1462   13.5642
2023-02-26_13:40:00   193.0208   12.8536   50.0872   13.5710
2023-02-26_20:50:00   193.1071   13.2405   18.2820   8.5014
2023-02-26_21:05:00   751.1859   13.9500   20.1314   8.9084
2023-02-26_19:50:00   253.7465   13.3762   7.6636   9.5120
2023-02-26_18:30:00   1.7167   13.0498   126.4964   13.1572
2023-02-26_16:55:00   2301.1933   13.1862   245.0770   13.3572
2023-02-26_16:45:00   59380.2670   13.5630   49290.1098   13.3572
2023-02-26_15:45:00   83.7979   14.0083   12.5976   13.3595
2023-02-27_00:00:00   55.9545   13.5799   28.3538   13.6283
2023-02-26_13:50:00   187.5534   13.2389   49.0451   13.5672
2023-02-26_16:10:00   134.6805   13.0370   38.9231   13.1572
2023-02-27_01:20:00   51.0807   13.4548   21.4983   13.6748
2023-02-26_15:30:00   125.6981   13.9833   10.2137   13.3618
2023-02-26_15:20:00   77.5828   13.8333   5.2549   13.5642
2023-02-26_20:50:00   193.1071   13.2405   18.2820   8.5014
2023-02-26_22:05:00   212.5544   13.0113   15.5441   9.5347
2023-02-27_04:20:00   34.5754   13.5563   7.0607   9.5166
2023-02-26_22:10:00   274.6028   13.0113   15.9101   9.7366
2023-02-27_01:55:00   35.8052   13.3238   9.4392   9.6575
2023-02-26_15:50:00   116.0637   14.0764   15.8679   13.3595
2023-02-26_19:25:00   12995.1359   13.9684   2035.3655   13.1572
2023-02-26_17:25:00   1726.9765   13.1560   1726.9765   13.1556
2023-02-26_17:15:00   16342.0001   13.5630   15452.8259   13.3572
2023-02-27_00:40:00   367.1001   13.8492   14.1092   9.3952
2023-02-26_14:20:00   310.2015   13.2358   117.7203   13.5672
2023-02-26_17:35:00   988.1753   13.8452   379.1580   13.1556
2023-02-26_21:00:00   345.6222   13.2549   22.7368   8.9084
2023-02-26_21:20:00   19895.9269   14.7156   9.8535   9.3130
2023-02-27_02:45:00   44.2595   13.3492   9.3143   9.4767
2023-02-26_15:45:00   83.7979   14.0083   12.5976   13.3595
2023-02-26_22:15:00   1.6890   14.1210   13.8050   9.5347
2023-02-26_18:40:00   809.3826   13.8252   289.8506   13.1572
2023-02-26_19:35:00   3517.4002   12.5126   1347.7381   13.3580
2023-02-27_03:00:00   79.4736   14.1303   10.7052   9.6946
2023-02-27_00:30:00   134.6704   14.0234   12.2147   9.7964
2023-02-26_20:25:00   76.6484   13.3734   9.4230   8.7037
2023-02-26_23:20:00   3526.0219   15.1979   327.5755   13.2062
2023-02-27_01:10:00   115.4254   13.6071   12.9009   9.8246
2023-02-26_17:30:00   2.5541   13.4856   586.6789   13.1549
2023-02-26_15:35:00   123.3206   13.9833   14.7783   13.3618
2023-02-26_21:50:00   282.1759   12.8639   13.2709   9.5282
2023-02-26_18:45:00   876.4883   13.8459   321.1723   13.1572
2023-02-26_17:40:00   489.0120   12.9837   220.1760   13.1556
2023-02-26_20:45:00   187.3570   13.3785   17.2085   8.5014
2023-02-27_01:30:00   39.1111   13.5063   9.1709   9.6405
2023-02-27_00:45:00   1328.8456   14.1862   14.4514   9.8100
2023-02-26_14:25:00   299.8645   12.7922   122.2064   13.5642
2023-02-27_00:45:00   1328.8456   14.1862   14.4514   9.8100
2023-02-27_00:15:00   41.2568   13.2822   21.1501   13.6388
2023-02-27_01:15:00   72.2848   13.6071   33.4271   13.4742
2023-02-26_16:25:00   418.7112   12.7882   175.8988   13.3580
2023-02-26_20:10:00   69.8081   13.6643   7.3379   8.7025
2023-02-26_20:45:00   187.3570   13.3785   17.2085   8.5014
2023-02-26_22:00:00   236.6431   14.0071   15.3567   9.7366
2023-02-27_03:15:00   43.6755   13.3630   9.4897   9.4962
2023-02-26_19:45:00   229.0477   14.1841   17.7247   13.5604
2023-02-26_17:40:00   489.0120   12.9837   220.1760   13.1556
2023-02-26_21:20:00   19895.9269   14.7156   9.8535   9.3130
2023-02-26_22:20:00   183.9107   13.4969   15.7679   9.3328
2023-02-26_23:00:00   1824.1066   14.2105   95.5455   13.3994
2023-02-26_13:30:00   118.3497   12.7230   17.1397   13.7732
2023-02-26_20:20:00   77.8497   13.3734   10.3318   8.9061
2023-02-26_15:25:00   77.5379   13.8333   8.6103   13.5642
2023-02-26_21:45:00   394.0790   14.0812   67.0599   13.5755
2023-02-27_03:20:00   41.7361   13.3630   8.8668   9.4962
2023-02-27_02:50:00   45.0709   13.4041   9.3912   9.2780
2023-02-26_16:35:00   1.8165   13.2944   1657.1467   13.3572
2023-02-26_18:45:00   876.4883   13.8459   321.1723   13.1572
2023-02-27_00:30:00   134.6704   14.0234   12.2147   9.7964
2023-02-26_15:40:00   124.2764   13.9833   16.1418   13.1595
2023-02-26_17:50:00   270.7871   12.7882   99.3152   13.1556
2023-02-26_14:10:00   0.5801   12.8737   87.2876   13.5642
2023-02-26_19:40:00   453.0755   12.9853   193.4487   12.9572
2023-02-27_03:50:00   33.2137   13.4179   6.8752   9.2978
2023-02-26_12:30:00   243.2296   13.1207   39.0489   13.9908
2023-02-27_02:10:00   37.3029   13.2840   14.7873   13.5023
2023-02-26_15:25:00   77.5379   13.8333   8.6103   13.5642
2023-02-26_17:55:00   274.3183   12.7882   101.1179   13.1556
2023-02-26_23:30:00   2664992.1256   15.1037   30.4472   13.2062
2023-02-26_19:05:00   1135.9734   13.3630   805.5162   13.1572
2023-02-26_16:00:00   93.9597   13.0370   23.6529   13.3595
2023-02-26_20:40:00   220.6869   14.5244   13.9947   8.7061
2023-02-26_23:05:00   1270.6468   14.1529   114.6696   13.3994
2023-02-26_17:20:00   6572.3042   13.2312   4662.0385   13.1549
2023-02-26_21:40:00   862.9947   14.1246   107.1417   13.5755
2023-02-26_22:30:00   754.0677   14.0965   60.1411   13.5936
2023-02-26_19:00:00   1070.1742   13.8459   404.1627   13.1572
2023-02-26_13:10:00   164.9622   12.9186   13.5638   13.9798
2023-02-27_02:35:00   41.5675   13.5427   9.5613   9.4767
2023-02-26_19:00:00   1070.1742   13.8459   404.1627   13.1572
2023-02-26_20:05:00   65.2518   13.3734   6.8580   9.1073
2023-02-26_17:20:00   6572.3042   13.2312   4662.0385   13.1549
2023-02-27_03:30:00   38.2435   13.3630   8.0859   9.2978
2023-02-26_15:35:00   123.3206   13.9833   14.7783   13.3618
2023-02-26_19:20:00   1547.3166   13.3599   1408.0862   13.1572
2023-02-26_16:35:00   1.8165   13.2944   1657.1467   13.3572
2023-02-26_21:40:00   862.9947   14.1246   107.1417   13.5755
2023-02-26_12:55:00   319.2060   12.9880   128.9896   13.7828
2023-02-26_12:45:00   289.4545   13.1090   62.4237   13.9849
2023-02-26_18:00:00   2.5862   13.2998   92.4243   13.1556
2023-02-26_23:45:00   326.8477   14.1602   101.2149   13.4170
2023-02-27_02:25:00   38.1921   13.3362   9.5309   9.6756
2023-02-26_22:55:00   3354.6144   14.4037   9.6273   9.9540
2023-02-26_21:45:00   394.0790   14.0812   67.0599   13.5755
2023-02-27_02:00:00   35.5995   13.3789   9.3867   9.4583
2023-02-27_02:40:00   42.4714   13.3492   9.4771   9.4767
2023-02-26_19:05:00   1135.9734   13.3630   805.5162   13.1572
2023-02-27_01:00:00   338.7294   13.9206   14.0830   9.6096
2023-02-27_00:15:00   41.2568   13.2822   21.1501   13.6388
2023-02-26_20:30:00   141.3409   13.5181   14.1476   8.7037
2023-02-26_16:00:00   93.9597   13.0370   23.6529   13.3595
2023-02-26_19:10:00   2047.4140   13.8075   703.0779   13.1572
2023-02-27_03:05:00   49.1828   13.5563   10.3135   9.6946
2023-02-27_04:15:00   36.7751   13.7498   6.2120   9.0997
2023-02-26_16:40:00   12325.1565   13.7713   5622.7019   13.3572
2023-02-26_15:55:00   122.7753   13.9833   19.7954   13.3595
2023-02-26_14:30:00   258.2239   13.4309   106.6659   13.5642
2023-02-26_19:25:00   12995.1359   13.9684   2035.3655   13.1572
2023-02-26_14:55:00   91.2982   13.9038   13.3178   13.5642
2023-02-27_01:40:00   34.0159   13.4662   14.4678   13.6883
2023-02-26_20:35:00   131.8849   13.5181   17.3420   8.7061
2023-02-27_04:05:00   36.5042   13.5050   6.4508   9.0997
2023-02-26_22:45:00   461.5143   14.0117   49.0332   13.3917
2023-02-26_22:25:00   297.3829   14.0907   16.8185   9.7439
2023-02-27_01:15:00   72.2848   13.6071   33.4271   13.4742
2023-02-26_13:00:00   287.2113   12.9880   39.8486   14.1820
2023-02-26_18:55:00   903.4591   13.8459   345.6896   13.1572
2023-02-26_21:10:00   2072.7222   13.5604   19.9772   9.1107
2023-02-26_20:55:00   251.7913   13.2405   24.7138   8.7061
2023-02-26_18:25:00   274.6646   13.0370   111.5176   13.1572
2023-02-27_04:25:00   34.0201   13.5563   6.9589   9.5166
2023-02-26_15:10:00   130.6905   14.0735   5.7158   13.5642
2023-02-26_14:15:00   284.6117   13.0410   129.6722   13.5642
2023-02-26_19:45:00   229.0477   14.1841   17.7247   13.5604
2023-02-26_21:55:00   205.6468   14.2060   13.6589   9.9385
2023-02-26_14:05:00   193.6397   12.7922   82.6752   13.5672
2023-02-26_12:35:00   291.8444   13.1207   71.5156   13.9908
2023-02-26_13:55:00   173.4184   13.2943   61.0849   13.5672
2023-02-26_22:40:00   580.9707   14.2019   7.8088   9.7439
2023-02-27_01:45:00   34.3647   13.2717   9.3922   9.8569
2023-02-26_18:10:00   168.5133   13.0370   64.0046   13.1572
2023-02-26_19:20:00   1547.3166   13.3599   1408.0862   13.1572
2023-02-27_03:35:00   36.9027   13.3630   7.7016   9.2978
2023-02-27_03:10:00   77.5951   14.1303   10.1179   9.4962
2023-02-26_19:10:00   2047.4140   13.8075   703.0779   13.1572
2023-02-26_16:55:00   2301.1933   13.1862   245.0770   13.3572
2023-02-27_00:20:00   41.6170   13.2299   22.1244   13.6388
2023-02-26_16:20:00   234.1384   12.8424   32.5962   13.3580
2023-02-26_15:55:00   122.7753   13.9833   19.7954   13.3595
2023-02-26_23:55:00   89.4017   13.5227   48.4828   13.6283
2023-02-26_14:35:00   239.2675   12.8464   71.8097   13.5642
2023-02-26_21:15:00   4773.6567   13.8710   25.8466   9.1140
2023-02-26_16:50:00   34153.6766   13.5630   20430.5766   13.3572
2023-02-26_18:35:00   1.7482   12.9871   175.7307   13.1572
2023-02-26_19:30:00   4517.0050   13.1607   2214.5106   13.1556
2023-02-27_02:15:00   37.7644   13.2840   9.5389   9.8746
2023-02-26_16:40:00   12325.1565   13.7713   5622.7019   13.3572
2023-02-26_22:20:00   183.9107   13.4969   15.7679   9.3328
2023-02-26_14:45:00   139.7888   13.0972   20.4903   13.5642
2023-02-27_01:35:00   31.2719   13.3123   8.3087   9.4409
2023-02-27_01:00:00   338.7294   13.9206   14.0830   9.6096
2023-02-27_03:40:00   35.7380   13.3630   7.3617   9.2978
2023-02-26_16:15:00   186.7514   12.8424   32.0173   13.3580
2023-02-26_22:00:00   236.6431   14.0071   15.3567   9.7366
2023-02-27_03:55:00   32.3790   13.4179   6.6307   9.2978
2023-02-26_18:15:00   293.6867   13.8952   108.1048   13.1572
2023-02-26_18:20:00   2.4804   13.0435   61.8384   13.3580
2023-02-26_18:10:00   168.5133   13.0370   64.0046   13.1572
2023-02-27_02:05:00   38.8337   13.4784   8.9320   9.4583
2023-02-26_18:35:00   1.7482   12.9871   175.7307   13.1572
2023-02-26_15:15:00   124.8756   13.9833   6.2696   13.5642
2023-02-27_01:30:00   39.1111   13.5063   9.1709   9.6405
2023-02-26_21:35:00   3245.4206   13.3028   94.9318   13.5710
2023-02-26_17:10:00   37570.4990   13.5630   24597.5457   13.3572
2023-02-27_01:50:00   35.4215   13.2717   9.6266   9.6575
2023-02-26_18:20:00   2.4804   13.0435   61.8384   13.3580
2023-02-27_01:05:00   186.6508   13.6669   84.2258   13.4612
2023-02-26_22:50:00   230.0211   14.0183   10.4377   9.9540
2023-02-26_22:25:00   297.3829   14.0907   16.8185   9.7439
2023-02-26_15:40:00   124.2764   13.9833   16.1418   13.1595
2023-02-27_00:35:00   172.2309   13.7902   12.3863   9.5958
2023-02-26_16:20:00   234.1384   12.8424   32.5962   13.3580
2023-02-26_20:15:00   69.5610   13.3734   9.5473   8.9061
2023-02-26_13:05:00   222.1460   12.9880   36.3015   14.1820
2023-02-26_18:25:00   274.6646   13.0370   111.5176   13.1572
2023-02-26_15:50:00   116.0637   14.0764   15.8679   13.3595
2023-02-26_18:30:00   1.7167   13.0498   126.4964   13.1572
2023-02-26_14:40:00   178.3210   13.0410   62.8214   13.5672
2023-02-26_17:35:00   988.1753   13.8452   379.1580   13.1556
2023-02-26_14:00:00   187.9491   13.2389   83.5865   13.5672
2023-02-26_21:25:00   281554.2623   12.8378   48.0212   13.3649
2023-02-26_17:55:00   274.3183   12.7882   101.1179   13.1556
2023-02-26_16:05:00   106.4878   13.0370   28.0484   13.3595
2023-02-26_23:30:00   2664992.1256   15.1037   30.4472   13.2062
2023-02-26_19:35:00   3517.4002   12.5126   1347.7381   13.3580
2023-02-26_22:05:00   212.5544   13.0113   15.5441   9.5347
2023-02-26_18:50:00   1027.5298   13.8459   364.8428   13.1572
2023-02-26_21:05:00   751.1859   13.9500   20.1314   8.9084
2023-02-26_16:30:00   1604.7152   13.0363   450.7514   13.3572
2023-02-26_12:40:00   233.2518   12.9250   10.7443   13.9849
2023-02-27_02:55:00   45.5106   13.4041   10.9605   9.6946
2023-02-26_20:00:00   106.5858   13.5262   7.0104   9.1073
2023-02-27_01:25:00   44.5182   13.5063   9.7253   9.8403
2023-02-26_19:55:00   87.1433   13.5262   5.8602   9.3097
2023-02-26_17:50:00   270.7871   12.7882   99.3152   13.1556
2023-02-26_22:35:00   3654.9329   14.2642   64.0942   13.5936
2023-02-26_17:45:00   326.3264   12.7882   129.2007   13.1556
2023-02-26_23:25:00   8430.6894   14.7601   44.6991   13.2062
2023-02-26_21:50:00   282.1759   12.8639   13.2709   9.5282
2023-02-26_21:35:00   3245.4206   13.3028   94.9318   13.5710
2023-02-26_18:05:00   285.7122   13.0363   79.8964   13.1556
2023-02-26_19:50:00   253.7465   13.3762   7.6636   9.5120
2023-02-26_17:00:00   8216.5607   13.1738   5640.0484   13.3572
2023-02-26_18:00:00   2.5862   13.2998   92.4243   13.1556
2023-02-26_23:40:00   1.1887   14.1204   112.2953   13.4170
2023-02-27_00:50:00   883.1194   14.3037   16.1973   9.8100
2023-02-26_16:45:00   59380.2670   13.5630   49290.1098   13.3572
2023-02-26_21:55:00   205.6468   14.2060   13.6589   9.9385
2023-02-26_21:15:00   4773.6567   13.8710   25.8466   9.1140
2023-02-26_17:05:00   176777.1731   13.3576   176777.1731   13.3572
2023-02-26_19:15:00   3.8792   13.5902   399.3446   13.1572
2023-02-26_18:15:00   293.6867   13.8952   108.1048   13.1572
2023-02-26_22:15:00   1.6890   14.1210   13.8050   9.5347
2023-02-26_20:55:00   251.7913   13.2405   24.7138   8.7061
2023-02-26_12:50:00   505.5917   13.3082   143.3659   13.9849
2023-02-26_20:05:00   65.2518   13.3734   6.8580   9.1073
2023-02-27_00:25:00   48.2397   13.3374   10.4871   9.5958
