2024 131  0  0   -3.36    2.20   -4.07  -415.1   -28.5   -26.8   5.88   76754.    6.0    0    0  0.2551   1.98   0.03   0.05   0.00   0.04   0.10   0.10
2024 131  1  0   -3.15   -3.11   -1.28  -410.1   -25.1   -37.4   5.69   92506.   -1.0    0    0  0.2185   1.88   0.49   0.50   0.09   0.40   0.54   0.88
2024 131  2  0   -1.66    5.09    3.67  -428.4   -37.8   -29.3   7.26   68254.   -4.0    0    0  0.1879   2.61   0.14   0.06   0.09   0.06   0.02   0.07
2024 131  3  0   -1.10   -3.18   -5.18  -425.5   -11.6   -11.8  10.35   27245.    0.0    0    0  0.1654   3.64   0.91   1.33   0.19   1.21   1.56   3.30
2024 131  4  0   -0.79   -0.58   -2.35  -426.1   -10.5   -12.8  13.27   56778.   10.0    0    0  0.1523   4.67   0.86   0.96   0.28   0.69   1.04   3.17
2024 131  5  0    0.16   -0.09   -0.81  -422.2   -20.5   -23.8  10.66   64693.    0.0    0    0  0.1495   3.70   0.41   0.41   0.27   0.23   0.54   1.56
2024 131  6  0   -0.12   -1.99   -1.92  -405.6    10.4   -21.7   9.99   51312.   -7.0    0    0  0.1572   3.19   0.48   0.61   0.27   0.35   0.77   1.80
2024 131  7  0    0.71   -1.01   -1.56  -411.0   -14.2   -23.8  10.02   50059.    9.0    0    0  0.1749   3.29   0.64   0.68   0.33   0.47   0.72   1.79
2024 131  8  0    2.25   -0.86    0.59  -407.0     6.5   -14.4   9.26   57549.    2.0    0    0  0.2015   2.98   0.14   0.06   0.30   0.04   0.01   0.10
2024 131  9  0   -0.94   -1.13   -3.25  -424.5   -27.8   -35.8   8.02   67088.    1.0    0    0  0.2353   2.83   0.27   0.41   0.27   0.28   0.69   1.23
2024 131 10  0   -1.52   -1.91   -3.82  -436.0     0.6    -0.5   3.63  145592.    2.0    0    0  0.2743   1.34   0.69   0.72   0.34   0.63   0.90   1.11
2024 131 11  0   -2.32   -0.73   -3.22  -435.5     0.6    -0.5   3.56  157710.   -5.0    0    0  0.3158   1.31   0.69   0.64   0.39   0.59   0.83   0.88
2024 131 12  0   -3.35   -0.30   -2.48  -456.1     0.7    -0.5   7.03  372841.   -9.0    0    0  0.3574   2.83   0.70   0.67   0.43   0.58   0.87   1.22
2024 131 13  0   -3.33    0.57   -1.44  -450.6     0.7    -0.5   6.67  186993.   -8.0    0    0  0.3960   2.62   0.53   0.50   0.43   0.38   0.69   1.02
2024 131 14  0   -0.53    0.90    1.24  -457.4     1.3     4.4  14.89   70084.    3.0    0    0  0.4291   6.03   0.70   0.77   0.47   0.67   1.09   2.39
2024 131 15  0   -2.38    0.52   -0.46  -451.4     0.8     6.4  14.80   72057.   16.0    0    0  0.4540   5.84   0.12   0.05   0.40   0.04   0.05   0.22
2024 131 16  0   -1.32    1.57    2.23  -457.8    -2.3     8.3  14.28   78527.   14.0    0    0  0.4688   5.80   0.02   0.00   0.34   0.00   0.00   0.00
2024 131 17  0    4.53  -25.29  -15.86  -661.5   124.8    55.6  67.08  336951.   15.0    0    0  0.4722  59.28   6.32   9.28   2.55  20.52  14.57 148.47
2024 131 18  0  -20.28   -1.58  -46.23  -704.9   113.8   -33.7  38.79  368674.   -7.0    0    0  0.4641  38.39  14.92  15.23  12.25  50.31  18.88 136.23
2024 131 19  0    4.39  -27.26    7.57  -694.5    -5.1    28.5  31.04  847943. -137.0    0    0  0.4451  29.05   8.11   5.02  18.21  16.33   4.05  41.46
2024 131 20  0  -11.97    9.14  -14.39  -680.6    74.3    21.6  63.81  249218. -132.0    0    0  0.4168  57.99  17.49  18.55  26.70  51.35  20.47 219.42
2024 131 21  0  -21.46   -7.17  -39.38  -687.8    36.5     4.0  38.21  177161. -199.0    0    0  0.3813  35.11  22.54  22.82  37.00  75.36  25.47 181.47
2024 131 22  0   12.18  -40.64   52.90  -762.6   -37.0    35.8  83.66  164866. -294.0    0    0  0.3415  94.67  17.64  13.80  43.97  51.16  14.78  88.81
2024 131 23  0  -14.20   72.22   -9.13  -735.2    19.1    15.9  31.53   63883. -305.0    0    0  0.2999  33.05   4.29   2.72  37.98   6.39   4.93  38.50
2024 132  0  0  -10.77   23.84  -43.68  -753.2    44.8   -10.2  27.10  521405. -320.0    0    0  0.2595  29.89  13.43  12.70  41.46  44.39  18.95 111.02
2024 132  1  0  -24.62  -26.67  -24.60  -716.9    78.7    -8.8  34.84  296146. -334.0    0    0  0.2229  35.11  21.23  18.51  53.79  68.27  20.54 142.41
2024 132  2  0    4.69    6.51  -25.79  -735.6    46.1    24.1  35.78  140989. -437.0    0    0  0.1924  37.69  17.62  16.63  55.30  51.09  21.75 182.15
2024 132  3  0  -10.81  -20.34  -30.80  -692.5   -39.0    23.9  12.05  424712. -385.0    0    0  0.1699  11.24  14.00  11.26  55.40  37.71  14.14  53.53
2024 132  4  0  -12.87  -36.97   -1.25  -698.4   -28.9    88.7  15.41  320988. -392.0    0    0  0.1568  14.82   8.63   5.46  52.78  17.58   5.98  26.04
2024 132  5  0   -6.78  -37.55  -15.77  -691.8   -10.6   110.4  21.80  160574. -400.0    0    0  0.1540  20.73   2.12   1.41  45.21   3.03   3.14  15.90
2024 132  6  0  -17.36   -0.06  -30.88  -692.7     1.2    24.2  32.94  431473. -311.0    0    0  0.1617  30.65   9.28  10.83  42.79  29.25  15.08  86.26
2024 132  7  0    6.64   41.07   -8.42  -706.4   -35.2    11.6  28.90  245714. -368.0    0    0  0.1794  28.01  16.69  15.23  49.25  47.40  16.13 126.22
2024 132  8  0  -12.66   17.95  -34.37  -720.9   -14.8   -16.9  14.34  294729. -401.0    0    0  0.2059  14.45  11.66  11.21  46.79  33.46  16.30  96.93
2024 132  9  0  -13.87    2.12  -30.91  -448.6     1.1    -0.8   0.37   19782. -362.0    0    0  0.2398   0.14  11.66   8.32  48.20  32.36   8.68  26.60
2024 132 10  0   -0.89  -15.28  -13.29  -690.6    -3.5    22.3  24.63  191742. -307.0    0    0  0.2787  22.78   4.10   2.79  42.11   6.47   3.61  24.90
2024 132 11  0  -16.21  -20.26  -13.20  -781.6   -35.1   -48.3  23.78  205204. -319.0    0    0  0.3203  28.30   2.83   1.98  37.67   4.98   3.40  21.43
2024 132 12  0   -8.93   10.71  -21.49  -795.2   -25.3   -23.0  15.99  190977. -274.0    0    0  0.3618  19.62  10.06   8.54  39.26  28.40  15.51  69.09
2024 132 13  0   -7.59    9.95  -23.23  -779.6   -65.0   -11.4  17.35  256988. -289.0    0    0  0.4004  20.57  11.82   9.23  41.59  32.59  15.45  60.82
2024 132 14  0  -10.31    9.03  -19.26  -471.5     1.3    -0.9   2.30  161795. -307.0    0    0  0.4335   0.99   7.52   4.60  40.48  14.93   4.64  17.79
2024 132 15  0  -10.97    1.63  -10.72  -474.1     1.3    -0.9   2.52  181234. -274.0    0    0  0.4584   1.10   2.63   1.56  35.02   3.24   1.81   1.35
2024 132 16  0   -7.88   -8.81   -4.22  -482.8     1.4    -1.0   6.00  431649. -286.0    0    0  0.4732   2.71   1.57   1.15  30.21   1.69   1.35   1.37
2024 132 17  0   -6.33   -5.40   -0.65  -466.3     1.4    -0.9   2.30  161356. -281.0    0    0  0.4767   0.97   1.07   0.77  25.99   0.96   0.80   1.08
2024 132 18  0    7.42   14.12    4.17  -495.4     1.1    -1.4   2.04  114112. -227.0    0    0  0.4685   0.97   0.17   0.04  22.16   0.06   0.01   0.03
2024 132 19  0    4.21   -2.13    8.32  -495.9     1.5    -1.0   1.88  100333. -192.0    0    0  0.4495   0.90   0.54   0.46  19.02   0.82   0.49   0.35
2024 132 20  0    4.43    3.16   -5.25  -472.6     1.5    -1.0   2.64  211087. -228.0    0    0  0.4211   1.14   0.55   0.59  16.29   0.80   1.04   0.65
2024 132 21  0  -11.34   -1.18    9.26  -470.9     1.5    -1.0   2.76  213808. -180.0    0    0  0.3857   1.19   0.55   0.35  14.03   0.52   0.23   0.26
2024 132 22  0   -2.05    6.67    8.36  -471.5     1.5    -1.0   2.55  212344. -170.0    0    0  0.3458   1.10   0.15   0.10  11.98   0.12   0.19   0.12
2024 132 23  0    6.14    6.92    1.14  -507.8     1.6    -1.1   5.17  362359. -181.0    0    0  0.3043   2.58   0.10   0.09  10.22   0.08   0.14   0.40
