2024 131 15  0   -2.38    0.52   -0.46  -451.4     0.8     6.4  14.80   72057.   16.0    0    0  0.4540   5.84   0.12   0.05   0.40   0.04   0.05   0.22
2024 131 15  5   -2.05    0.53    0.84  -449.5     0.7     8.9  15.26   84441.   17.0    0    0  0.4556   5.97   0.10   0.04   0.40   0.03   0.04   0.18
2024 131 15 10   -0.50    1.74    1.61  -447.8    10.0     7.7  15.27   63834.   16.0    0    0  0.4572   5.94   0.09   0.03   0.39   0.03   0.02   0.13
2024 131 15 15   -0.45    3.41    2.56  -451.5   -14.7     3.4  13.04  102944.   14.0    0    0  0.4587   5.15   0.07   0.02   0.39   0.02   0.01   0.09
2024 131 15 20   -0.95    3.15    3.68  -453.6   -24.4    -5.7  12.31  126216.   14.0    0    0  0.4601   4.92   0.06   0.02   0.38   0.02   0.01   0.06
2024 131 15 25   -2.06    4.74    3.15  -443.5   -34.0    -9.1  11.01   98087.   12.0    0    0  0.4614   4.22   0.05   0.01   0.38   0.01   0.01   0.04
2024 131 15 30   -1.49    2.92    2.24  -447.2    -8.2     5.5  14.98   93542.   11.0    0    0  0.4627   5.81   0.05   0.01   0.37   0.01   0.00   0.03
2024 131 15 35   -1.98    2.58    1.28  -443.0    10.1    10.6  16.11   64062.   12.0    0    0  0.4639   6.13   0.04   0.01   0.37   0.01   0.00   0.02
2024 131 15 40   -1.95    1.56    1.51  -448.5     2.0    10.6  16.53   85500.   12.0    0    0  0.4650   6.44   0.03   0.01   0.36   0.01   0.00   0.02
2024 131 15 45   -1.55    2.21    1.32  -445.9     9.7     6.0  15.89   70971.   13.0    0    0  0.4661   6.12   0.03   0.00   0.36   0.00   0.00   0.01
2024 131 15 50   -1.71    1.84    2.91  -453.4     8.4     1.8  17.08   58794.   12.0    0    0  0.4671   6.80   0.02   0.00   0.35   0.00   0.00   0.01
2024 131 15 55   -1.56    1.66    2.30  -452.9    -2.0     6.5  15.34   71968.   13.0    0    0  0.4679   6.10   0.02   0.00   0.35   0.00   0.00   0.01
2024 131 16  0   -1.32    1.57    2.23  -457.8    -2.3     8.3  14.28   78527.   14.0    0    0  0.4688   5.80   0.02   0.00   0.34   0.00   0.00   0.00
2024 131 16  5   -1.72    1.65    1.87  -456.4   -10.1    10.1  12.60   99477.   15.0    0    0  0.4695   5.09   0.01   0.00   0.34   0.00   0.00   0.00
2024 131 16 10   -2.25    1.73    3.10  -465.3    14.8     3.8  15.43   66950.   13.0    0    0  0.4701   6.48   0.01   0.00   0.33   0.00   0.00   0.00
2024 131 16 15   -1.78    1.79    2.83  -464.7    -3.3    -1.2  10.83   93514.   12.0    0    0  0.4707   4.53   0.01   0.00   0.33   0.00   0.00   0.00
2024 131 16 20   -2.34    0.52    2.11  -464.2    -9.1    -9.2   9.57  114697.    9.0    0    0  0.4712   4.00   0.01   0.00   0.33   0.00   0.00   0.00
2024 131 16 25   -1.37    0.64    1.77  -467.1    -9.0   -16.1   8.83  122703.    8.0    0    0  0.4716   3.74   0.01   0.00   0.32   0.00   0.00   0.00
2024 131 16 30   -2.24    1.60    2.06  -473.0    -1.9    -5.3  10.70   92507.    8.0    0    0  0.4720   4.64   0.01   0.00   0.32   0.00   0.00   0.00
2024 131 16 35   -7.20    7.76    1.01  -619.8   -19.5    92.8  33.68  374750.   10.0    0    0  0.4722  25.65   0.01   0.00   0.31   0.00   0.00   0.00
2024 131 16 40  -15.37   28.57   -2.20  -665.0   -28.8   125.9  60.82  369785.   13.0    0    0  0.4724  54.06   0.18   0.29   0.34   0.32   0.73   7.22
2024 131 16 45   -7.80  -15.29  -13.50  -651.5    38.2   140.7  70.31  835333.   17.0    0    0  0.4725  60.70   1.72   2.91   0.74   5.15   5.85  62.26
2024 131 16 50   15.50   -0.34   -8.78  -694.0    42.9   157.1  52.74  586875.   13.0    0    0  0.4725  51.91   3.24   5.12   1.26  10.11   9.35  92.55
2024 131 16 55  -15.01  -10.06   -6.41  -688.6    47.2    62.4  43.34  666246.   16.0    0    0  0.4724  40.32   4.57   6.66   1.84  14.66  11.53 103.14
2024 131 17  0    4.53  -25.29  -15.86  -661.5   124.8    55.6  67.08  336951.   15.0    0    0  0.4722  59.28   6.32   9.28   2.55  20.52  14.57 148.47
2024 131 17  5   -6.42  -25.39   -3.54  -689.3    33.6    56.8  78.16  383491.   10.0    0    0  0.4720  72.59   6.79   9.44   2.90  20.46  13.67 155.27
2024 131 17 10   -5.59  -19.31  -27.54  -687.5   108.6    22.4  40.64  699103.   77.0    0    0  0.4717  38.18   7.77  10.35   3.59  24.92  14.41 146.84
2024 131 17 15    5.78   -3.18   -9.49  -686.3    53.7    64.5  38.12  899534.   88.0    0    0  0.4713  35.30   8.31  10.51   4.05  25.32  14.20 138.22
2024 131 17 20   -6.36  -31.51  -13.21  -691.8    18.6   111.4  41.87  627051.   69.0    0    0  0.4708  39.85   8.06   9.53   4.24  22.54  12.40 123.07
2024 131 17 25  -16.47  -29.93  -25.86  -698.4    43.2    75.2  49.24  411201.   59.0    0    0  0.4702  47.24   9.76  11.67   5.27  30.15  15.97 135.29
2024 131 17 30  -18.81  -14.16  -39.19  -700.5    66.4    49.7  41.18  429524.   45.0    0    0  0.4696  39.69  12.07  14.58   6.76  41.79  20.12 153.86
2024 131 17 35  -27.47    0.31  -42.91  -732.7    85.4    72.4  31.82  394362.   32.0    0    0  0.4689  33.86  14.40  17.16   8.51  53.69  23.50 167.01
2024 131 17 40  -10.52  -46.60  -27.13  -693.2    24.0    86.4  22.17  645125.   50.0    0    0  0.4681  20.98  15.29  17.45   9.66  56.03  22.74 156.84
2024 131 17 45  -13.36  -38.03  -28.04  -695.0    66.6    44.1  23.32  749983.   33.0    0    0  0.4672  22.11  15.13  16.25  10.28  52.43  20.13 132.17
2024 131 17 50    9.98   11.67    7.67  -671.0   172.9    17.8  58.49 1114351.   15.0    0    0  0.4663  54.43  14.25  14.33  10.59  45.90  16.53 113.73
2024 131 17 55   -1.10   17.50  -13.19  -691.6   139.6     7.8  53.57  928781.   -5.0    0    0  0.4652  51.66  12.68  11.84  10.58  37.61  12.36  99.03
2024 131 18  0  -20.28   -1.58  -46.23  -704.9   113.8   -33.7  38.79  368674.   -7.0    0    0  0.4641  38.39  14.92  15.23  12.25  50.31  18.88 136.23
2024 131 18  5  -24.78   -3.38  -45.23  -704.7   109.8   -33.2  36.45  314778.   -7.0    0    0  0.4629  35.99  17.11  18.15  14.08  62.33  23.29 159.32
2024 131 18 10  -23.33   -0.43  -44.58  -694.9    94.8   -33.8  40.84  366916.  -30.0    0    0  0.4617  39.00  19.00  20.53  15.84  71.65  25.98 178.43
2024 131 18 15  -23.28   -3.00  -44.04  -701.8    93.1   -35.8  51.83  245890.  -62.0    0    0  0.4603  50.45  20.69  22.61  17.60  79.35  28.03 201.54
2024 131 18 20  -27.08    0.20  -41.87  -705.1    92.8   -34.3  50.92  194219.  -82.0    0    0  0.4589  50.00  22.34  24.63  19.44  86.40  29.93 233.01
2024 131 18 25   -0.51  -36.78  -12.00  -661.4    -7.4    48.3  40.29  909716.  -67.0    0    0  0.4575  34.33  20.13  20.58  19.46  71.14  22.17 189.27
2024 131 18 30   -1.64  -37.75   -1.82  -673.5    -1.4    64.9  40.10  812733.  -28.0    0    0  0.4559  35.56  17.76  16.67  19.33  57.23  15.98 150.85
2024 131 18 35    8.24  -37.66    7.86  -666.0    -6.1    86.6  38.99  877902.  -76.0    0    0  0.4543  34.07  15.14  12.72  19.07  44.92   9.89 106.17
2024 131 18 40    5.82  -35.96    0.11  -684.6   -15.3    50.7  40.20  833705.  -86.0    0    0  0.4526  36.71  13.03   9.92  18.84  35.49   6.68  79.37
2024 131 18 45   10.22  -34.01   13.59  -653.2     1.6    79.5  37.03  871214.  -81.0    0    0  0.4508  31.06  11.11   7.57  18.59  27.86   4.14  55.86
2024 131 18 50   -0.31  -40.80  -10.53  -671.1   -10.2    37.1  32.81  768521.  -84.0    0    0  0.4490  28.72   9.98   6.61  18.45  23.06   4.60  52.68
2024 131 18 55    4.66  -41.08   -0.83  -663.0    -9.3    52.8  32.07  961137.  -88.0    0    0  0.4471  27.48   9.43   6.44  18.44  20.70   5.94  54.94
2024 131 19  0    4.39  -27.26    7.57  -694.5    -5.1    28.5  31.04  847943. -137.0    0    0  0.4451  29.05   8.11   5.02  18.21  16.33   4.05  41.46
2024 131 19  5    3.44  -26.17    2.27  -702.3    54.6   -27.2  50.52  598196. -166.0    0    0  0.4431  48.63   7.17   4.26  18.03  13.48   3.47  39.10
2024 131 19 10  -14.73  -33.07  -17.56  -710.0    52.7   -13.4  73.72  177145. -156.0    0    0  0.4410  72.41   8.13   6.56  18.40  17.56   8.90  94.09
2024 131 19 15  -16.31  -28.81  -29.15  -709.2    68.0   -14.0  54.66  156642. -164.0    0    0  0.4388  53.76   9.79   9.66  19.16  25.33  14.34 147.25
2024 131 19 20  -14.87  -27.44  -27.10  -713.4    70.3    -5.7  64.52  156170. -178.0    0    0  0.4366  64.23  11.82  12.96  20.23  35.25  19.04 190.01
2024 131 19 25  -25.22  -11.29  -37.05  -702.1    74.9     2.1  44.64  174241. -173.0    0    0  0.4343  43.11  13.84  15.88  21.46  44.92  22.54 222.52
2024 131 19 30  -26.12   -1.25  -37.50  -685.6    79.6    28.9  34.85  151534. -174.0    0    0  0.4320  32.21  15.33  17.39  22.63  52.12  23.44 204.88
2024 131 19 35  -27.41   19.30  -32.61  -679.6    95.3    36.2  39.65  169288. -179.0    0    0  0.4296  36.27  16.56  18.64  23.71  57.13  23.92 198.06
2024 131 19 40  -20.38   23.63  -27.74  -686.3    55.2    24.0  49.33  202330. -133.0    0    0  0.4271  45.35  17.02  18.87  24.42  57.00  23.05 196.04
2024 131 19 45  -19.86   20.72  -25.68  -675.9    49.8    31.7  50.04  200185. -147.0    0    0  0.4246  44.62  17.38  19.05  25.10  56.56  22.57 199.87
2024 131 19 50   -4.66    4.46  -28.24  -669.9    51.3    31.3  55.74  198765. -108.0    0    0  0.4220  48.84  18.14  20.06  25.95  58.75  23.23 214.54
2024 131 19 55  -14.92    6.70  -21.33  -685.9    64.4    18.0  65.86  202731. -102.0    0    0  0.4194  60.59  17.82  19.23  26.34  54.84  21.52 212.74
2024 131 20  0  -11.97    9.14  -14.39  -680.6    74.3    21.6  63.81  249218. -132.0    0    0  0.4168  57.99  17.49  18.55  26.70  51.35  20.47 219.42
2024 131 20  5  -16.09    2.57  -26.78  -696.1    59.0     4.3  57.00  223636. -163.0    0    0  0.4141  53.89  17.84  18.92  27.38  52.35  21.39 226.19
2024 131 20 10  -13.38   -0.89  -28.05  -688.6    60.2     5.5  59.85  200828. -149.0    0    0  0.4113  55.39  18.33  19.56  28.12  54.13  22.38 238.14
2024 131 20 15  -15.00   -3.34  -26.82  -687.5    59.9     4.3  64.30  198007. -131.0    0    0  0.4085  59.32  18.85  20.31  28.89  56.09  23.25 252.76
2024 131 20 20  -16.31    5.52  -26.83  -694.5    52.3    -6.1  50.08  251083. -130.0    0    0  0.4056  47.06  19.13  20.52  29.58  56.68  23.36 255.51
2024 131 20 25  -17.81  -13.00  -33.33  -696.2    50.1    -7.6  41.63  228100. -125.0    0    0  0.4027  39.29  19.48  20.60  30.39  58.56  23.46 236.65
2024 131 20 30  -21.46   -7.77  -37.85  -692.5    53.2     5.9  35.21  130615. -139.0    0    0  0.3998  32.90  19.82  20.61  31.23  60.56  23.44 215.68
2024 131 20 35  -18.86   14.59  -39.34  -675.2    70.1    12.8  28.40  101870. -128.0    0    0  0.3968  25.36  20.23  20.68  32.17  63.33  23.33 191.29
2024 131 20 40  -17.89   25.91  -31.97  -670.7    90.4    14.4  33.40  182490. -150.0    0    0  0.3938  29.64  20.38  20.54  32.93  63.95  22.69 173.23
2024 131 20 45  -12.34  -15.86  -40.80  -673.1    22.7    20.1  35.91  192075. -149.0    0    0  0.3907  31.58  20.85  20.97  33.87  66.80  23.18 165.73
2024 131 20 50  -20.61   -7.84  -39.28  -686.2    35.4    12.3  42.15  175099. -143.0    0    0  0.3876  38.56  21.42  21.65  34.87  69.78  24.01 169.97
2024 131 20 55  -21.80   -5.90  -38.92  -690.6    37.3     6.7  39.77  146727. -137.0    0    0  0.3845  36.85  22.00  22.25  35.93  72.68  24.91 177.58
2024 131 21  0  -21.46   -7.17  -39.38  -687.8    36.5     4.0  38.21  177161. -199.0    0    0  0.3813  35.11  22.54  22.82  37.00  75.36  25.47 181.47
2024 131 21  5  -21.48   16.69  -40.31  -673.5    53.0    11.4  21.67  257039. -185.0    0    0  0.3781  19.16  22.63  22.44  37.91  75.41  24.76 168.89
2024 131 21 10  -25.59    6.96  -42.98  -682.6    49.4    12.5  16.96  101165. -194.0    0    0  0.3749  15.39  22.27  21.24  38.64  73.44  22.96 141.27
2024 131 21 15  -26.30    2.02  -42.49  -692.7    49.8     8.8  16.70  194689. -211.0    0    0  0.3717  15.60  21.93  20.19  39.38  71.86  21.90 120.94
2024 131 21 20  -24.48   -4.06  -42.80  -693.5    25.4    13.5  18.43  206288. -219.0    0    0  0.3684  17.20  21.73  19.53  40.15  71.17  21.44 107.89
2024 131 21 25  -15.82  -28.31  -34.17  -662.1    13.1    51.1  17.04   94710. -196.0    0    0  0.3651  14.56  21.25  18.60  40.73  68.57  20.23  94.61
2024 131 21 30   -8.64  -38.60  -32.27  -659.1    26.5    29.9  18.60  102332. -209.0    0    0  0.3618  15.71  20.20  17.14  40.92  62.39  18.21  83.28
2024 131 21 35   -8.04  -40.75  -29.38  -649.2    20.8    45.9  23.08  121850. -224.0    0    0  0.3584  18.96  19.57  16.56  41.19  58.71  17.51  81.31
2024 131 21 40  -10.68  -58.31  -40.28  -717.7    11.8    88.1  30.78  266443. -206.0    0    0  0.3551  31.18  20.10  17.65  42.07  62.53  20.16 100.70
2024 131 21 45  -10.28  -53.06  -49.67  -731.9    21.8    99.4  19.68  504182. -285.0    0    0  0.3517  20.81  20.68  18.37  43.11  66.74  22.08 109.73
2024 131 21 50  -12.68  -59.83  -36.20  -719.9     0.3   114.5  31.24  225283. -291.0    0    0  0.3483  32.15  21.28  18.93  44.28  71.19  23.50 113.74
2024 131 21 55   -5.43  -73.11   -8.33  -742.9    22.1    58.4  19.87  369781. -274.0    0    0  0.3449  21.39  19.76  16.64  44.28  61.86  19.64 101.73
2024 131 22  0   12.18  -40.64   52.90  -762.6   -37.0    35.8  83.66  164866. -294.0    0    0  0.3415  94.67  17.64  13.80  43.97  51.16  14.78  88.81
2024 131 22  5   13.28   54.89   48.11  -741.0    46.9    39.6  36.61  198153. -232.0    0    0  0.3380  39.20  15.03  10.54  43.39  40.16   9.15  62.50
2024 131 22 10   12.41   62.55   28.30  -752.3    49.6    25.6  47.76  115019. -250.0    0    0  0.3346  52.65  12.81   8.04  42.81  31.52   5.66  43.99
2024 131 22 15    0.44   69.33   10.05  -755.8    44.5    20.1  34.66  149601. -276.0    0    0  0.3311  38.51  10.92   6.14  42.25  24.74   3.51  30.95
2024 131 22 20    1.11   70.60   10.36  -744.3    43.2     0.4  26.86  284045. -303.0    0    0  0.3277  28.92   9.31   4.69  41.69  19.42   2.17  21.78
2024 131 22 25   -3.78   70.74    5.57  -724.9    37.8    31.8  32.30  175664. -301.0    0    0  0.3242  33.03   7.93   3.58  41.14  15.24   1.34  15.33
2024 131 22 30    0.23   69.23   11.00  -714.9    44.6    54.7  36.82   72958. -300.0    0    0  0.3207  36.81   6.76   2.73  40.60  11.97   0.83  10.78
2024 131 22 35   -3.27   71.86    5.59  -742.7     3.6   -23.6  23.35  145362. -176.0    0    0  0.3172  24.97   5.76   2.08  40.06   9.39   0.51   7.59
2024 131 22 40   -3.98   71.24   -7.22  -748.1    10.1   -12.3  31.07   93497. -304.0    0    0  0.3138  33.70   5.59   2.56  39.69   9.01   3.13  22.00
2024 131 22 45   -7.58   72.44    3.27  -735.5    13.1    -8.4  26.61  150529. -325.0    0    0  0.3103  27.90   4.76   1.96  39.17   7.08   1.94  15.48
2024 131 22 50   -7.45   71.29   -7.90  -703.9    45.8    42.5  31.36   62984. -311.0    0    0  0.3068  30.33   4.45   2.09  38.75   6.62   2.77  19.82
2024 131 22 55   -9.09   73.10   -3.09  -723.9    23.8    12.1  31.58   46533. -340.0    0    0  0.3034  32.10   4.42   2.54  38.38   6.64   4.24  32.42
2024 131 23  0  -14.20   72.22   -9.13  -735.2    19.1    15.9  31.53   63883. -305.0    0    0  0.2999  33.05   4.29   2.72  37.98   6.39   4.93  38.50
2024 131 23  5   -2.88   66.74    0.75  -724.3    27.4     8.1  41.80  189899. -283.0    0    0  0.2965  42.54   4.19   2.86  37.62   6.39   4.93  39.20
2024 131 23 10   -9.10   69.30  -14.62  -711.6    23.1    29.0  16.69  226101. -312.0    0    0  0.2930  16.41   4.38   3.36  37.33   7.40   6.08  43.48
2024 131 23 15  -14.46   67.86  -18.17  -734.1   -10.4     8.9  14.43  593861. -322.0    0    0  0.2896  15.07   5.17   4.43  37.33  11.00   8.34  44.07
2024 131 23 20  -14.19   64.73  -23.30  -730.1    38.2    62.6  18.35  590962. -325.0    0    0  0.2862  19.14   6.13   5.58  37.49  15.37  10.52  46.13
2024 131 23 25  -15.90   58.81  -35.29  -736.0   -19.2    23.1  16.76  407203. -307.0    0    0  0.2828  17.61   7.45   7.12  37.90  21.72  12.96  50.09
2024 131 23 30  -11.59   58.97  -32.70  -743.2    -6.9    37.1  17.01  345166. -288.0    0    0  0.2794  18.25   8.78   8.55  38.43  27.84  15.10  56.59
2024 131 23 35   -3.42   58.28  -25.29  -729.7    33.5    22.6  17.99  578769. -309.0    0    0  0.2761  18.61   9.69   9.37  38.84  31.16  16.01  62.23
2024 131 23 40   -7.88   44.38  -33.42  -737.7    69.1    -4.4  20.04  533688. -291.0    0    0  0.2727  21.31  10.66  10.32  39.30  34.91  16.91  67.04
2024 131 23 45  -13.64   33.34  -33.65  -762.3     4.3   -23.5  31.84  477857. -323.0    0    0  0.2694  35.87  12.11  12.02  40.10  41.53  19.38  86.64
2024 131 23 50   -8.55   31.97  -29.71  -779.9    30.2   -58.4  32.78  658913. -345.0    0    0  0.2661  38.89  13.41  13.35  40.96  47.00  21.22 103.94
2024 131 23 55   -4.17   33.62   -1.86  -767.2   -78.0  -110.8  34.78  532634. -331.0    0    0  0.2628  40.89  12.66  11.84  40.89  41.32  17.27  98.56
