Format:
           1) Time
           2) Maximal reconnection rate at closest pressure dip
           3) Distance from earth
           4) Rate from critical
           5) Distance from critical
2022-01-14_08:24:00   nan   nan   8.8041   13.4976
2022-01-14_13:04:00   nan   nan   nan   nan
2022-01-14_08:19:00   nan   nan   6.8868   13.4976
2022-01-14_14:39:00   nan   nan   nan   nan
2022-01-14_17:14:00   nan   nan   3.3617   14.4779
2022-01-14_05:14:00   nan   nan   0.0190   13.9666
2022-01-14_12:14:00   nan   nan   4.6450   13.4058
2022-01-14_12:19:00   nan   nan   4.7147   13.4058
2022-01-14_09:34:00   nan   nan   369.1210   13.1936
2022-01-14_13:54:00   nan   nan   nan   nan
2022-01-14_05:09:00   nan   nan   nan   nan
2022-01-14_12:49:00   nan   nan   4.4964   13.5856
2022-01-14_11:19:00   nan   nan   1668.9806   13.0089
2022-01-14_12:09:00   nan   nan   5.4988   13.3867
2022-01-14_08:09:00   nan   nan   5.1984   13.6919
2022-01-14_01:24:00   nan   nan   44.6183   13.4976
2022-01-14_19:19:00   nan   nan   13.7783   14.1032
2022-01-14_03:19:00   nan   nan   0.0204   13.5672
2022-01-14_17:34:00   nan   nan   4.4252   14.4779
2022-01-14_11:54:00   nan   nan   5.0507   13.2275
2022-01-14_03:09:00   nan   nan   0.0210   13.5672
2022-01-14_04:24:00   nan   nan   0.0202   14.1711
2022-01-14_05:34:00   nan   nan   nan   nan
2022-01-14_08:44:00   nan   nan   47.2131   13.4420
2022-01-14_04:14:00   nan   nan   0.0228   13.9688
2022-01-14_03:29:00   nan   nan   0.0217   13.5672
2022-01-14_01:54:00   nan   nan   0.0304   13.5604
2022-01-14_04:39:00   nan   nan   nan   nan
2022-01-14_06:14:00   nan   nan   nan   nan
2022-01-14_09:39:00   nan   nan   905.3801   13.3640
2022-01-14_01:44:00   nan   nan   33.8152   13.5264
2022-01-14_19:09:00   nan   nan   11.8878   14.1032
2022-01-14_03:24:00   nan   nan   0.0263   13.5642
2022-01-14_05:54:00   nan   nan   nan   nan
2022-01-14_11:24:00   nan   nan   72.2669   12.9891
2022-01-14_17:59:00   nan   nan   7.6670   14.2771
2022-01-14_11:44:00   nan   nan   15.5199   13.2073
2022-01-14_05:39:00   nan   nan   0.0236   14.1711
2022-01-14_11:09:00   nan   nan   6182.9891   13.0089
2022-01-14_14:19:00   nan   nan   nan   nan
2022-01-14_10:39:00   nan   nan   99.1378   13.0953
2022-01-14_15:34:00   nan   nan   0.3374   14.6788
2022-01-14_05:19:00   nan   nan   0.0178   13.9688
2022-01-14_09:39:00   nan   nan   905.3801   13.3640
2022-01-14_15:54:00   nan   nan   2.9425   14.4779
2022-01-14_18:59:00   nan   nan   11.8283   14.0894
2022-01-14_11:24:00   nan   nan   72.2669   12.9891
2022-01-14_09:09:00   nan   nan   122.4522   13.4153
2022-01-14_07:24:00   nan   nan   0.0146   14.1776
2022-01-14_16:19:00   nan   nan   2.0047   14.2649
2022-01-14_10:54:00   nan   nan   225.0473   12.9891
2022-01-14_03:14:00   nan   nan   0.0204   13.5672
2022-01-14_08:49:00   nan   nan   71.9187   13.4420
2022-01-14_11:44:00   nan   nan   15.5199   13.2073
2022-01-14_07:39:00   nan   nan   nan   nan
2022-01-14_09:19:00   nan   nan   121.9198   13.4153
2022-01-14_05:24:00   nan   nan   0.0193   13.9688
2022-01-14_04:19:00   nan   nan   0.0215   13.9717
2022-01-14_06:49:00   nan   nan   nan   nan
2022-01-14_01:49:00   nan   nan   0.0291   13.5619
2022-01-14_17:04:00   nan   nan   2.8243   14.4779
2022-01-14_08:59:00   nan   nan   123.0840   13.4420
2022-01-14_09:14:00   nan   nan   112.2889   13.4153
2022-01-14_06:39:00   nan   nan   3.8389   13.5264
2022-01-14_03:54:00   nan   nan   0.0213   13.7694
2022-01-14_12:44:00   nan   nan   4.3514   13.6045
2022-01-14_12:09:00   nan   nan   5.4988   13.3867
2022-01-14_04:19:00   nan   nan   0.0215   13.9717
2022-01-14_13:29:00   nan   nan   nan   nan
2022-01-14_03:39:00   nan   nan   0.0226   13.5672
2022-01-14_11:14:00   nan   nan   2318.9705   13.0089
2022-01-14_12:19:00   nan   nan   4.7147   13.4058
2022-01-14_10:14:00   nan   nan   357.1841   13.0953
2022-01-14_17:29:00   nan   nan   3.9551   14.4779
2022-01-14_16:29:00   nan   nan   3.0608   14.2649
2022-01-14_10:19:00   nan   nan   96.2745   13.0953
2022-01-14_07:34:00   nan   nan   0.0134   14.1820
2022-01-14_05:24:00   nan   nan   0.0193   13.9688
2022-01-14_19:39:00   nan   nan   18.0995   14.1177
2022-01-14_05:44:00   nan   nan   nan   nan
2022-01-14_09:09:00   nan   nan   122.4522   13.4153
2022-01-14_03:54:00   nan   nan   0.0213   13.7694
2022-01-14_10:24:00   nan   nan   54.5149   13.0953
2022-01-14_16:54:00   nan   nan   3.8448   14.2649
2022-01-14_06:49:00   nan   nan   nan   nan
2022-01-14_07:44:00   nan   nan   nan   nan
2022-01-14_15:09:00   nan   nan   5.3042   14.4907
2022-01-14_11:49:00   nan   nan   9.2227   13.2073
2022-01-14_18:54:00   nan   nan   11.0353   14.0894
2022-01-14_12:39:00   nan   nan   5.3169   13.3867
2022-01-14_08:34:00   nan   nan   22.3118   13.4420
2022-01-14_11:29:00   nan   nan   94.4022   12.9702
2022-01-14_13:19:00   nan   nan   nan   nan
2022-01-14_05:39:00   nan   nan   0.0236   14.1711
2022-01-14_03:44:00   nan   nan   0.0198   13.7694
2022-01-14_06:54:00   nan   nan   nan   nan
2022-01-14_05:49:00   nan   nan   nan   nan
2022-01-14_18:49:00   nan   nan   11.0176   14.0894
2022-01-14_08:54:00   nan   nan   100.2208   13.4420
2022-01-14_18:19:00   nan   nan   9.7398   14.2900
2022-01-14_13:39:00   nan   nan   nan   nan
2022-01-14_12:54:00   nan   nan   nan   nan
2022-01-14_17:54:00   nan   nan   6.1265   14.2771
2022-01-14_16:49:00   nan   nan   3.5044   14.2649
2022-01-14_16:39:00   nan   nan   3.8373   14.2649
2022-01-14_12:54:00   nan   nan   nan   nan
2022-01-14_13:24:00   nan   nan   nan   nan
2022-01-14_18:04:00   nan   nan   9.0584   14.0763
2022-01-14_04:34:00   nan   nan   0.0174   14.1711
2022-01-14_08:19:00   nan   nan   6.8868   13.4976
2022-01-14_08:54:00   nan   nan   100.2208   13.4420
2022-01-14_10:09:00   nan   nan   339.8042   13.0953
2022-01-14_15:24:00   nan   nan   0.9962   14.8921
2022-01-14_07:54:00   nan   nan   nan   nan
2022-01-14_05:49:00   nan   nan   nan   nan
2022-01-14_20:09:00   nan   nan   18.7603   13.9331
2022-01-14_10:29:00   nan   nan   57.4550   13.0953
2022-01-14_01:39:00   nan   nan   31.0787   13.5264
2022-01-14_18:09:00   nan   nan   9.8594   14.0763
2022-01-14_08:29:00   nan   nan   15.3906   13.4420
2022-01-14_15:29:00   nan   nan   2.9494   14.4779
2022-01-14_14:59:00   nan   nan   2.9783   14.6914
2022-01-14_04:44:00   nan   nan   nan   nan
2022-01-14_06:54:00   nan   nan   nan   nan
2022-01-14_10:44:00   nan   nan   132.5177   13.0953
2022-01-14_12:39:00   nan   nan   5.3169   13.3867
2022-01-14_03:49:00   nan   nan   0.0209   13.7694
2022-01-14_05:59:00   nan   nan   nan   nan
2022-01-14_02:19:00   nan   nan   0.0249   13.5619
2022-01-14_07:49:00   nan   nan   3.9373   13.9432
2022-01-14_15:59:00   nan   nan   1.4461   14.4659
2022-01-14_17:09:00   nan   nan   3.0351   14.4779
2022-01-14_00:39:00   nan   nan   26.1802   13.2471
2022-01-14_14:19:00   nan   nan   nan   nan
2022-01-14_03:34:00   nan   nan   0.0266   13.5642
2022-01-14_11:39:00   nan   nan   34.9204   13.2073
2022-01-14_07:14:00   nan   nan   nan   nan
2022-01-14_04:09:00   nan   nan   0.0196   13.7694
2022-01-14_08:49:00   nan   nan   71.9187   13.4420
2022-01-14_13:49:00   nan   nan   nan   nan
2022-01-14_11:14:00   nan   nan   2318.9705   13.0089
2022-01-14_09:49:00   nan   nan   757.6777   13.1430
2022-01-14_10:39:00   nan   nan   99.1378   13.0953
2022-01-14_07:09:00   nan   nan   nan   nan
2022-01-14_01:19:00   nan   nan   46.2824   13.4695
2022-01-14_14:44:00   nan   nan   5.1548   14.9052
2022-01-14_11:19:00   nan   nan   1668.9806   13.0089
2022-01-14_07:09:00   nan   nan   nan   nan
2022-01-14_18:54:00   nan   nan   11.0353   14.0894
2022-01-14_05:29:00   nan   nan   0.0204   13.9688
2022-01-14_18:34:00   nan   nan   9.3949   14.0894
2022-01-14_15:39:00   nan   nan   4.9392   14.4907
2022-01-14_03:44:00   nan   nan   0.0198   13.7694
2022-01-14_04:44:00   nan   nan   nan   nan
2022-01-14_09:49:00   nan   nan   757.6777   13.1430
2022-01-14_00:54:00   nan   nan   33.9751   13.2750
2022-01-14_19:24:00   nan   nan   15.2469   14.1032
2022-01-14_06:09:00   nan   nan   0.0236   14.1711
2022-01-14_11:54:00   nan   nan   5.0507   13.2275
2022-01-14_16:44:00   nan   nan   3.8334   14.2649
2022-01-14_14:34:00   nan   nan   nan   nan
2022-01-14_11:04:00   nan   nan   443.8054   13.0089
2022-01-14_09:54:00   nan   nan   152.1918   13.1188
2022-01-14_14:09:00   nan   nan   nan   nan
2022-01-14_18:24:00   nan   nan   9.0216   14.0894
2022-01-14_14:49:00   nan   nan   5.5070   14.9052
2022-01-14_07:14:00   nan   nan   nan   nan
2022-01-14_13:09:00   nan   nan   nan   nan
2022-01-14_12:24:00   nan   nan   3.9539   13.3867
2022-01-14_08:39:00   nan   nan   31.5435   13.4420
2022-01-14_04:09:00   nan   nan   0.0196   13.7694
2022-01-14_07:19:00   nan   nan   nan   nan
2022-01-14_15:14:00   nan   nan   4.3663   14.7046
2022-01-14_16:24:00   nan   nan   4.5329   14.2771
2022-01-14_04:49:00   nan   nan   nan   nan
2022-01-14_14:44:00   nan   nan   5.1548   14.9052
2022-01-14_02:39:00   nan   nan   0.0244   13.5619
2022-01-14_13:49:00   nan   nan   nan   nan
2022-01-14_08:44:00   nan   nan   47.2131   13.4420
2022-01-14_13:44:00   nan   nan   nan   nan
2022-01-14_16:14:00   nan   nan   3.9229   14.2771
2022-01-14_10:54:00   nan   nan   225.0473   12.9891
2022-01-14_13:24:00   nan   nan   nan   nan
2022-01-14_01:09:00   nan   nan   25.6956   13.2471
2022-01-14_07:04:00   nan   nan   nan   nan
2022-01-14_19:34:00   nan   nan   16.9121   14.1032
2022-01-14_19:14:00   nan   nan   12.6512   14.1032
2022-01-14_09:19:00   nan   nan   121.9198   13.4153
2022-01-14_17:14:00   nan   nan   3.3617   14.4779
2022-01-14_17:44:00   nan   nan   4.4004   14.2771
2022-01-14_03:19:00   nan   nan   0.0204   13.5672
2022-01-14_02:24:00   nan   nan   0.0245   13.5619
2022-01-14_07:54:00   nan   nan   nan   nan
2022-01-14_02:14:00   nan   nan   0.0260   13.5619
2022-01-14_00:44:00   nan   nan   74.9265   13.4420
2022-01-14_10:49:00   nan   nan   1952.6480   13.0293
2022-01-14_17:39:00   nan   nan   5.4331   14.2649
2022-01-14_13:54:00   nan   nan   nan   nan
2022-01-14_06:19:00   nan   nan   nan   nan
2022-01-14_07:29:00   nan   nan   0.0139   14.1820
2022-01-14_07:19:00   nan   nan   nan   nan
2022-01-14_19:49:00   nan   nan   19.3454   13.9176
2022-01-14_05:04:00   nan   nan   nan   nan
2022-01-14_12:29:00   nan   nan   5.2457   13.4058
2022-01-14_15:09:00   nan   nan   5.3042   14.4907
2022-01-14_12:04:00   nan   nan   6.2748   13.3867
2022-01-14_19:19:00   nan   nan   13.7783   14.1032
2022-01-14_02:44:00   nan   nan   0.0233   13.5642
2022-01-14_09:24:00   nan   nan   83.2252   13.2200
2022-01-14_04:59:00   nan   nan   0.0165   13.9688
2022-01-14_06:44:00   nan   nan   nan   nan
2022-01-14_07:39:00   nan   nan   nan   nan
2022-01-14_14:24:00   nan   nan   0.7396   14.9052
2022-01-14_04:49:00   nan   nan   nan   nan
2022-01-14_18:29:00   nan   nan   8.8897   14.0894
2022-01-14_12:14:00   nan   nan   4.6450   13.4058
2022-01-14_02:54:00   nan   nan   0.0195   13.5672
2022-01-14_13:44:00   nan   nan   nan   nan
2022-01-14_13:09:00   nan   nan   nan   nan
2022-01-14_15:49:00   nan   nan   1.0036   14.4779
2022-01-14_04:24:00   nan   nan   0.0202   14.1711
2022-01-14_10:09:00   nan   nan   339.8042   13.0953
2022-01-14_18:44:00   nan   nan   11.7851   14.0763
2022-01-14_16:04:00   nan   nan   1.2516   14.4659
2022-01-14_06:24:00   nan   nan   nan   nan
2022-01-14_06:19:00   nan   nan   nan   nan
2022-01-14_14:14:00   nan   nan   1.1677   14.9052
2022-01-14_06:44:00   nan   nan   nan   nan
2022-01-14_03:24:00   nan   nan   0.0263   13.5642
2022-01-14_09:44:00   nan   nan   327.9840   13.3640
2022-01-14_13:59:00   nan   nan   nan   nan
2022-01-14_06:29:00   nan   nan   0.0250   13.9717
2022-01-14_10:59:00   nan   nan   931.3396   13.0089
2022-01-14_13:19:00   nan   nan   nan   nan
2022-01-14_10:34:00   nan   nan   68.9798   13.0726
2022-01-14_03:49:00   nan   nan   0.0209   13.7694
2022-01-14_12:44:00   nan   nan   4.3514   13.6045
2022-01-14_08:24:00   nan   nan   8.8041   13.4976
2022-01-14_01:14:00   nan   nan   21.9614   13.2471
2022-01-14_03:59:00   nan   nan   0.0240   13.5672
2022-01-14_06:39:00   nan   nan   3.8389   13.5264
2022-01-14_02:49:00   nan   nan   0.0230   13.5642
2022-01-14_16:24:00   nan   nan   4.5329   14.2771
2022-01-14_02:09:00   nan   nan   0.0262   13.5619
2022-01-14_06:04:00   nan   nan   nan   nan
2022-01-14_04:14:00   nan   nan   0.0228   13.9688
2022-01-14_11:39:00   nan   nan   34.9204   13.2073
2022-01-14_07:44:00   nan   nan   nan   nan
2022-01-14_10:14:00   nan   nan   357.1841   13.0953
2022-01-14_17:39:00   nan   nan   5.4331   14.2649
2022-01-14_09:14:00   nan   nan   112.2889   13.4153
2022-01-14_04:39:00   nan   nan   nan   nan
2022-01-14_00:49:00   nan   nan   74.4754   13.4420
2022-01-14_15:04:00   nan   nan   3.1393   14.6914
2022-01-14_08:09:00   nan   nan   5.1984   13.6919
2022-01-14_13:34:00   nan   nan   nan   nan
2022-01-14_08:04:00   nan   nan   3.9757   13.7203
2022-01-14_05:54:00   nan   nan   nan   nan
2022-01-14_09:59:00   nan   nan   531.3251   13.1430
2022-01-14_09:44:00   nan   nan   327.9840   13.3640
2022-01-14_06:14:00   nan   nan   nan   nan
2022-01-14_07:59:00   nan   nan   3.4859   13.7495
2022-01-14_05:09:00   nan   nan   nan   nan
2022-01-14_16:49:00   nan   nan   3.5044   14.2649
2022-01-14_11:49:00   nan   nan   9.2227   13.2073
2022-01-14_12:59:00   nan   nan   nan   nan
2022-01-14_04:54:00   nan   nan   nan   nan
2022-01-14_10:04:00   nan   nan   270.2071   13.1188
2022-01-14_09:24:00   nan   nan   83.2252   13.2200
2022-01-14_10:49:00   nan   nan   1952.6480   13.0293
2022-01-14_05:14:00   nan   nan   0.0190   13.9666
2022-01-14_06:24:00   nan   nan   nan   nan
2022-01-14_10:24:00   nan   nan   54.5149   13.0953
2022-01-14_19:44:00   nan   nan   18.5946   14.1177
2022-01-14_13:14:00   nan   nan   nan   nan
2022-01-14_19:44:00   nan   nan   18.5946   14.1177
2022-01-14_08:14:00   nan   nan   5.3922   13.4976
2022-01-14_12:34:00   nan   nan   4.3704   13.3867
2022-01-14_17:19:00   nan   nan   3.7908   14.4779
