Format:
           1) Time
           2) Maximal reconnection rate at closest pressure dip
           3) Distance from earth
           4) Rate from critical
           5) Distance from critical
2023-04-23_20:15:00   nan   nan   35.4405   5.6581
2023-04-24_00:55:00   nan   nan   33.1888   6.1187
2023-04-23_20:10:00   nan   nan   19.2812   5.8800
2023-04-24_02:30:00   nan   nan   93.6422   5.4758
2023-04-24_16:30:00   nan   nan   18.4172   10.1632
2023-04-23_23:50:00   nan   nan   22.1272   5.9180
2023-04-24_06:30:00   nan   nan   40.1284   5.2738
2023-04-23_17:05:00   nan   nan   8.6899   9.8832
2023-04-24_00:05:00   nan   nan   107.5806   9.5604
2023-04-24_00:10:00   nan   nan   128.9858   9.5604
2023-04-23_21:25:00   nan   nan   2.5581   5.6090
2023-04-23_17:00:00   nan   nan   8.4278   9.8562
2023-04-24_00:40:00   nan   nan   48.7296   5.9318
2023-04-23_23:10:00   nan   nan   51.8755   6.1821
2023-04-24_00:00:00   nan   nan   100.0146   9.5604
2023-04-23_20:00:00   nan   nan   34.8255   5.8538
2023-04-23_18:55:00   nan   nan   1.4027   6.1023
2023-04-23_20:30:00   nan   nan   90.1707   5.6581
2023-04-24_15:55:00   nan   nan   10.4714   9.6886
2023-04-24_13:15:00   nan   nan   1.9397   9.3878
2023-04-23_15:10:00   nan   nan   5.0763   10.0781
2023-04-23_23:45:00   nan   nan   36.1402   5.9474
2023-04-23_15:00:00   nan   nan   35.0775   13.7328
2023-04-24_04:50:00   nan   nan   400.0619   5.0719
2023-04-24_15:10:00   nan   nan   2.7799   9.3301
2023-04-24_16:15:00   nan   nan   15.9987   10.1935
2023-04-23_16:15:00   nan   nan   4.6407   10.1056
2023-04-23_17:25:00   nan   nan   9.5715   9.6345
2023-04-24_17:15:00   nan   nan   14.7823   10.1056
2023-04-23_20:35:00   nan   nan   12.4964   5.2410
2023-04-23_16:05:00   nan   nan   4.9861   10.1056
2023-04-23_16:25:00   nan   nan   5.3515   10.1056
2023-04-23_15:20:00   nan   nan   5.6251   10.0781
2023-04-23_13:45:00   nan   nan   173.1392   13.6240
2023-04-23_16:30:00   nan   nan   4.0725   9.8832
2023-04-23_18:05:00   nan   nan   18.7638   8.7040
2023-04-24_10:50:00   nan   nan   4.5729   9.2248
2023-04-23_21:30:00   nan   nan   4.6321   5.5870
2023-04-23_13:35:00   nan   nan   231.4797   13.8225
2023-04-23_23:20:00   nan   nan   53.2411   5.7477
2023-04-23_16:50:00   nan   nan   6.9730   9.8832
2023-04-23_15:15:00   nan   nan   4.8129   9.8832
2023-04-23_17:45:00   nan   nan   12.0923   9.3638
2023-04-24_09:55:00   nan   nan   5.8976   6.2020
2023-04-24_08:35:00   nan   nan   10.8179   5.9318
2023-04-24_05:50:00   nan   nan   186.8944   5.2738
2023-04-23_23:35:00   nan   nan   87.3003   5.5038
2023-04-23_17:30:00   nan   nan   11.6539   9.8562
2023-04-23_20:25:00   nan   nan   59.0492   5.6581
2023-04-23_23:00:00   nan   nan   61.6868   8.9680
2023-04-23_15:30:00   nan   nan   5.0332   10.0781
2023-04-24_11:50:00   nan   nan   3.3507   9.0602
2023-04-24_04:00:00   nan   nan   161.0779   5.0719
2023-04-23_13:25:00   nan   nan   336.9566   13.8032
2023-04-24_02:20:00   nan   nan   49.4082   5.4758
2023-04-23_22:30:00   nan   nan   117.2397   9.4094
2023-04-23_13:20:00   nan   nan   1124.5023   14.0211
2023-04-24_03:25:00   nan   nan   90.3402   5.2680
2023-04-23_17:10:00   nan   nan   11.4276   9.8562
2023-04-24_14:35:00   nan   nan   3.3168   9.4390
2023-04-23_18:50:00   nan   nan   6.8569   5.8800
2023-04-23_21:30:00   nan   nan   4.6321   5.5870
2023-04-23_19:40:00   nan   nan   3.7278   5.6581
2023-04-24_03:45:00   nan   nan   553.7508   5.2738
2023-04-24_06:50:00   nan   nan   55.8288   5.4833
2023-04-23_23:15:00   nan   nan   39.8728   5.9646
2023-04-23_21:00:00   nan   nan   34.4542   5.4910
2023-04-23_19:15:00   nan   nan   3.0831   5.8800
2023-04-23_22:10:00   nan   nan   10.7919   5.7656
2023-04-24_04:10:00   nan   nan   372.1201   5.0719
2023-04-24_00:25:00   nan   nan   35.1153   6.1321
2023-04-23_22:45:00   nan   nan   91.1118   9.1947
2023-04-23_15:05:00   nan   nan   38.4122   13.7328
2023-04-24_09:30:00   nan   nan   7.1433   6.1821
2023-04-23_20:40:00   nan   nan   25.5022   5.4366
2023-04-23_23:35:00   nan   nan   87.3003   5.5038
2023-04-23_19:30:00   nan   nan   10.5490   5.6581
2023-04-23_21:10:00   nan   nan   15.4977   5.6853
2023-04-23_17:15:00   nan   nan   9.4684   9.6345
2023-04-23_18:40:00   nan   nan   7.5761   6.2972
2023-04-23_14:50:00   nan   nan   4.4808   10.0516
2023-04-24_04:55:00   nan   nan   167.1506   5.2738
2023-04-23_20:50:00   nan   nan   23.0144   5.4629
2023-04-23_21:05:00   nan   nan   31.3287   5.6853
2023-04-24_08:15:00   nan   nan   8.0201   6.3326
2023-04-24_13:30:00   nan   nan   2.0460   9.1916
2023-04-23_19:50:00   nan   nan   5.2472   5.4629
2023-04-23_18:30:00   nan   nan   2.6294   8.7264
2023-04-23_16:55:00   nan   nan   6.2864   9.6610
2023-04-23_16:45:00   nan   nan   6.0146   9.8832
2023-04-24_00:35:00   nan   nan   40.8917   6.1321
2023-04-24_00:00:00   nan   nan   100.0146   9.5604
2023-04-23_13:50:00   nan   nan   331.1262   13.8425
2023-04-23_16:10:00   nan   nan   5.0266   10.1056
2023-04-24_01:20:00   nan   nan   37.8466   6.3196
2023-04-23_15:30:00   nan   nan   5.0332   10.0781
2023-04-23_23:05:00   nan   nan   62.9296   9.1813
2023-04-24_00:10:00   nan   nan   128.9858   9.5604
2023-04-23_20:50:00   nan   nan   23.0144   5.4629
2023-04-23_22:05:00   nan   nan   19.6857   5.7851
2023-04-24_04:20:00   nan   nan   1481.8963   5.0719
2023-04-24_17:35:00   nan   nan   11.1326   9.9700
2023-04-23_22:10:00   nan   nan   10.7919   5.7656
2023-04-24_01:55:00   nan   nan   1378.8792   5.7173
2023-04-23_15:50:00   nan   nan   4.1023   9.8832
2023-04-24_10:10:00   nan   nan   5.0469   9.2092
2023-04-23_19:25:00   nan   nan   10.7798   5.4629
2023-04-23_17:15:00   nan   nan   9.4684   9.6345
2023-04-24_07:30:00   nan   nan   20.6543   5.6940
2023-04-24_00:40:00   nan   nan   48.7296   5.9318
2023-04-23_14:20:00   nan   nan   226.2317   13.6240
2023-04-23_17:35:00   nan   nan   7.5723   9.4129
2023-04-23_21:00:00   nan   nan   34.4542   5.4910
2023-04-24_16:35:00   nan   nan   16.1901   10.1632
2023-04-23_21:20:00   nan   nan   0.6340   5.6581
2023-04-24_02:45:00   nan   nan   112.3244   5.2738
2023-04-23_15:45:00   nan   nan   4.7352   10.0781
2023-04-24_13:55:00   nan   nan   1.8436   9.2439
2023-04-23_22:15:00   nan   nan   14.1122   5.9835
2023-04-24_16:10:00   nan   nan   10.2414   9.9700
2023-04-23_19:35:00   nan   nan   2.0850   5.4629
2023-04-24_03:00:00   nan   nan   71.7299   5.2680
2023-04-23_20:25:00   nan   nan   59.0492   5.6581
2023-04-24_08:10:00   nan   nan   5.8363   9.3405
2023-04-23_23:20:00   nan   nan   53.2411   5.7477
2023-04-24_08:30:00   nan   nan   12.2780   6.1321
2023-04-24_01:10:00   nan   nan   34.0241   6.0969
2023-04-23_17:30:00   nan   nan   11.6539   9.8562
2023-04-23_15:35:00   nan   nan   5.0923   10.0516
2023-04-23_21:50:00   nan   nan   8.9761   5.5668
2023-04-23_23:25:00   nan   nan   130.3003   5.7656
2023-04-24_10:35:00   nan   nan   5.0199   9.2092
2023-04-23_18:45:00   nan   nan   8.7800   6.0753
2023-04-23_17:40:00   nan   nan   12.2407   9.8562
2023-04-24_06:10:00   nan   nan   203.2166   5.2738
2023-04-24_07:55:00   nan   nan   6.1048   9.3328
2023-04-24_01:30:00   nan   nan   283.2366   6.1321
2023-04-24_14:10:00   nan   nan   1.6996   9.4662
2023-04-24_00:45:00   nan   nan   37.3888   5.9180
2023-04-23_14:25:00   nan   nan   114.9174   13.6654
2023-04-24_04:30:00   nan   nan   1455.3397   5.0719
2023-04-24_00:45:00   nan   nan   37.3888   5.9180
2023-04-24_00:15:00   nan   nan   134.6192   9.5604
2023-04-24_01:15:00   nan   nan   128.4336   9.5422
2023-04-24_05:55:00   nan   nan   88.6860   5.2738
2023-04-23_16:25:00   nan   nan   5.3515   10.1056
2023-04-23_20:10:00   nan   nan   19.2812   5.8800
2023-04-23_20:45:00   nan   nan   30.0755   5.4366
2023-04-24_03:15:00   nan   nan   553.7186   5.2738
2023-04-24_13:10:00   nan   nan   2.1180   9.3878
2023-04-23_19:45:00   nan   nan   2.9957   5.8800
2023-04-23_17:40:00   nan   nan   12.2407   9.8562
2023-04-23_21:20:00   nan   nan   0.6340   5.6581
2023-04-23_22:20:00   nan   nan   6.5364   6.1821
2023-04-23_23:00:00   nan   nan   61.6868   8.9680
2023-04-24_17:30:00   nan   nan   12.7953   10.1339
2023-04-23_13:30:00   nan   nan   318.0462   13.8225
2023-04-24_10:55:00   nan   nan   4.3982   9.2248
2023-04-23_20:20:00   nan   nan   9.3282   5.4366
2023-04-24_14:50:00   nan   nan   3.3034   9.4943
2023-04-23_15:25:00   nan   nan   5.0671   10.0781
2023-04-23_21:45:00   nan   nan   3.5759   5.5483
2023-04-24_03:20:00   nan   nan   1559.3149   5.2738
2023-04-24_02:50:00   nan   nan   456.8183   5.2738
2023-04-23_16:35:00   nan   nan   4.1414   9.8832
2023-04-23_18:45:00   nan   nan   8.7800   6.0753
2023-04-23_22:35:00   nan   nan   62.0006   9.4094
2023-04-24_00:30:00   nan   nan   29.7471   5.9180
2023-04-23_15:40:00   nan   nan   5.4998   10.0781
2023-04-23_17:50:00   nan   nan   13.5095   9.3878
2023-04-23_14:10:00   nan   nan   580.6453   13.8225
2023-04-23_19:40:00   nan   nan   3.7278   5.6581
2023-04-24_03:50:00   nan   nan   386.4674   5.0719
2023-04-23_12:30:00   nan   nan   2.7282   14.9807
2023-04-24_02:10:00   nan   nan   52.5602   5.2913
2023-04-24_11:10:00   nan   nan   4.1932   9.0250
2023-04-23_15:25:00   nan   nan   5.0671   10.0781
2023-04-23_17:55:00   nan   nan   12.5335   9.6610
2023-04-24_00:50:00   nan   nan   22.8738   6.1187
2023-04-23_23:30:00   nan   nan   168.2624   5.7851
2023-04-23_16:00:00   nan   nan   4.8335   10.1056
2023-04-23_20:40:00   nan   nan   25.5022   5.4366
2023-04-24_01:40:00   nan   nan   661.6815   5.9180
2023-04-24_06:55:00   nan   nan   38.0752   5.4833
2023-04-23_23:55:00   nan   nan   8.0521   5.9180
2023-04-23_23:05:00   nan   nan   62.9296   9.1813
2023-04-23_17:20:00   nan   nan   10.1699   9.6610
2023-04-23_21:40:00   nan   nan   6.3651   5.5483
2023-04-23_22:30:00   nan   nan   117.2397   9.4094
2023-04-23_19:00:00   nan   nan   8.7569   5.6327
2023-04-23_13:10:00   nan   nan   1219.8944   14.2010
2023-04-24_02:35:00   nan   nan   141.9893   5.4758
2023-04-24_09:50:00   nan   nan   6.9654   6.2020
2023-04-23_23:10:00   nan   nan   51.8755   6.1821
2023-04-23_19:00:00   nan   nan   8.7569   5.6327
2023-04-24_12:35:00   nan   nan   2.3944   9.3408
2023-04-23_20:05:00   nan   nan   16.4389   5.6581
2023-04-23_17:20:00   nan   nan   10.1699   9.6610
2023-04-24_03:30:00   nan   nan   2787.2946   5.2738
2023-04-23_15:35:00   nan   nan   5.0923   10.0516
2023-04-23_19:20:00   nan   nan   8.4861   5.6853
2023-04-23_21:40:00   nan   nan   6.3651   5.5483
2023-04-23_12:55:00   nan   nan   6.7604   14.7985
2023-04-23_12:45:00   nan   nan   5.8303   14.5648
2023-04-24_07:15:00   nan   nan   29.0709   5.6940
2023-04-23_18:00:00   nan   nan   36.2734   8.9236
2023-04-24_12:10:00   nan   nan   3.4024   9.0794
2023-04-23_23:45:00   nan   nan   36.1402   5.9474
2023-04-24_04:35:00   nan   nan   779.6899   5.0719
2023-04-24_02:25:00   nan   nan   28.1770   5.4758
2023-04-23_22:55:00   nan   nan   17.6034   5.9474
2023-04-23_21:45:00   nan   nan   3.5759   5.5483
2023-04-24_02:00:00   nan   nan   764.9405   5.5038
2023-04-24_06:15:00   nan   nan   86.3052   5.2680
2023-04-24_14:30:00   nan   nan   2.1821   9.4390
2023-04-24_12:55:00   nan   nan   2.0786   9.3638
2023-04-24_02:40:00   nan   nan   379.4963   5.4758
2023-04-23_19:05:00   nan   nan   6.8310   5.8800
2023-04-24_01:00:00   nan   nan   27.2697   6.1187
2023-04-24_12:30:00   nan   nan   2.4201   9.3188
2023-04-24_16:50:00   nan   nan   14.1076   9.9401
2023-04-24_11:15:00   nan   nan   3.7219   9.2414
2023-04-24_00:15:00   nan   nan   134.6192   9.5604
2023-04-23_20:30:00   nan   nan   90.1707   5.6581
2023-04-23_16:00:00   nan   nan   4.8335   10.1056
2023-04-24_15:15:00   nan   nan   3.2645   9.3301
2023-04-24_05:15:00   nan   nan   299.4856   5.0719
2023-04-23_19:10:00   nan   nan   4.0291   5.6581
2023-04-24_03:05:00   nan   nan   1684.7896   5.2738
2023-04-24_04:15:00   nan   nan   1478.7372   5.0719
2023-04-23_16:40:00   nan   nan   6.1582   10.1056
2023-04-23_15:55:00   nan   nan   4.7730   10.0781
2023-04-23_19:25:00   nan   nan   10.7798   5.4629
2023-04-24_16:55:00   nan   nan   14.9173   9.9401
2023-04-24_01:40:00   nan   nan   661.6815   5.9180
2023-04-23_20:35:00   nan   nan   12.4964   5.2410
2023-04-24_10:30:00   nan   nan   5.0761   9.2092
2023-04-24_01:35:00   nan   nan   263.0615   6.1187
2023-04-24_07:50:00   nan   nan   10.1871   6.1070
2023-04-24_04:05:00   nan   nan   259.9363   5.0719
2023-04-23_22:45:00   nan   nan   91.1118   9.1947
2023-04-24_01:15:00   nan   nan   128.4336   9.5422
2023-04-23_22:55:00   nan   nan   17.6034   5.9474
2023-04-23_13:00:00   nan   nan   25.1242   14.3823
2023-04-23_18:55:00   nan   nan   1.4027   6.1023
2023-04-23_20:55:00   nan   nan   63.9801   5.6853
2023-04-23_18:25:00   nan   nan   11.7184   8.9236
2023-04-24_04:25:00   nan   nan   1795.3922   5.0719
2023-04-24_05:35:00   nan   nan   301.5584   5.2738
2023-04-24_13:50:00   nan   nan   1.9062   9.4390
2023-04-23_15:10:00   nan   nan   5.0763   10.0781
2023-04-23_14:15:00   nan   nan   318.9529   13.6240
2023-04-23_19:45:00   nan   nan   2.9957   5.8800
2023-04-23_21:55:00   nan   nan   4.4521   5.5483
2023-04-24_17:10:00   nan   nan   13.0463   9.9112
2023-04-23_12:35:00   nan   nan   2.8395   14.9807
2023-04-23_13:55:00   nan   nan   497.2184   14.0613
2023-04-23_22:40:00   nan   nan   42.4488   9.1947
2023-04-24_05:30:00   nan   nan   170.3399   5.2738
2023-04-24_01:45:00   nan   nan   5427.6710   5.9180
2023-04-23_18:10:00   nan   nan   26.7078   8.7040
2023-04-23_19:20:00   nan   nan   8.4861   5.6853
2023-04-24_03:35:00   nan   nan   219.9980   5.2738
2023-04-24_03:10:00   nan   nan   112.9394   5.2680
2023-04-23_19:10:00   nan   nan   4.0291   5.6581
2023-04-23_16:55:00   nan   nan   6.2864   9.6610
2023-04-24_14:55:00   nan   nan   3.4239   9.2716
2023-04-24_00:20:00   nan   nan   19.6152   6.3326
2023-04-23_16:20:00   nan   nan   5.0152   10.1056
2023-04-23_15:55:00   nan   nan   4.7730   10.0781
2023-04-23_23:55:00   nan   nan   8.0521   5.9180
2023-04-24_07:10:00   nan   nan   37.9746   5.4926
2023-04-23_14:35:00   nan   nan   91.1355   13.6654
2023-04-24_10:15:00   nan   nan   5.1541   9.2092
2023-04-24_11:30:00   nan   nan   3.3982   9.2592
2023-04-23_21:15:00   nan   nan   5.5457   5.6581
2023-04-23_16:50:00   nan   nan   6.9730   9.8832
2023-04-23_18:35:00   nan   nan   4.4403   8.7264
2023-04-24_13:35:00   nan   nan   1.9953   9.4129
2023-04-24_02:15:00   nan   nan   596.2920   5.2816
2023-04-23_16:40:00   nan   nan   6.1582   10.1056
2023-04-23_22:20:00   nan   nan   6.5364   6.1821
2023-04-23_14:45:00   nan   nan   4.6717   10.2474
2023-04-24_01:35:00   nan   nan   263.0615   6.1187
2023-04-24_01:00:00   nan   nan   27.2697   6.1187
2023-04-24_03:40:00   nan   nan   249.3948   5.2738
2023-04-24_09:15:00   nan   nan   7.9736   6.1638
2023-04-23_16:15:00   nan   nan   4.6407   10.1056
2023-04-24_08:55:00   nan   nan   11.9283   6.1638
2023-04-23_22:00:00   nan   nan   9.3904   5.5483
2023-04-24_06:35:00   nan   nan   54.9654   5.4833
2023-04-24_03:55:00   nan   nan   1360.4957   5.0719
2023-04-24_14:15:00   nan   nan   1.9756   9.4390
2023-04-24_11:35:00   nan   nan   3.1660   9.0602
2023-04-23_18:20:00   nan   nan   37.6462   8.9236
2023-04-23_18:10:00   nan   nan   26.7078   8.7040
2023-04-24_02:05:00   nan   nan   12.7437   5.2913
2023-04-23_18:35:00   nan   nan   4.4403   8.7264
2023-04-23_15:15:00   nan   nan   4.8129   9.8832
2023-04-24_01:30:00   nan   nan   283.2366   6.1321
2023-04-24_00:20:00   nan   nan   19.6152   6.3326
2023-04-23_17:10:00   nan   nan   11.4276   9.8562
2023-04-24_01:50:00   nan   nan   699.1375   5.7048
2023-04-23_18:20:00   nan   nan   37.6462   8.9236
2023-04-24_01:05:00   nan   nan   29.3300   6.1187
2023-04-23_22:50:00   nan   nan   95.8951   8.9806
2023-04-24_01:10:00   nan   nan   34.0241   6.0969
2023-04-23_22:25:00   nan   nan   98.3606   9.2092
2023-04-23_15:40:00   nan   nan   5.4998   10.0781
2023-04-24_00:35:00   nan   nan   40.8917   6.1321
2023-04-23_16:20:00   nan   nan   5.0152   10.1056
2023-04-23_20:15:00   nan   nan   35.4405   5.6581
2023-04-24_15:35:00   nan   nan   4.9697   9.2716
2023-04-23_13:05:00   nan   nan   114.4901   14.1830
2023-04-23_18:25:00   nan   nan   11.7184   8.9236
2023-04-23_15:50:00   nan   nan   4.1023   9.8832
2023-04-23_18:30:00   nan   nan   2.6294   8.7264
2023-04-24_08:50:00   nan   nan   12.7222   6.1638
2023-04-23_14:40:00   nan   nan   45.0902   13.7096
2023-04-23_17:35:00   nan   nan   7.5723   9.4129
2023-04-23_23:50:00   nan   nan   22.1272   5.9180
2023-04-23_14:00:00   nan   nan   411.3178   13.8633
2023-04-23_21:25:00   nan   nan   2.5581   5.6090
2023-04-24_01:25:00   nan   nan   224.6835   6.1187
2023-04-23_17:55:00   nan   nan   12.5335   9.6610
2023-04-23_16:05:00   nan   nan   4.9861   10.1056
2023-04-23_23:30:00   nan   nan   168.2624   5.7851
2023-04-23_19:35:00   nan   nan   2.0850   5.4629
2023-04-23_22:05:00   nan   nan   19.6857   5.7851
2023-04-23_18:50:00   nan   nan   6.8569   5.8800
2023-04-23_21:05:00   nan   nan   31.3287   5.6853
2023-04-23_16:30:00   nan   nan   4.0725   9.8832
2023-04-23_12:40:00   nan   nan   nan   nan
2023-04-24_02:55:00   nan   nan   586.0830   5.2738
2023-04-23_20:00:00   nan   nan   34.8255   5.8538
2023-04-24_09:10:00   nan   nan   8.4201   6.1638
2023-04-24_01:25:00   nan   nan   224.6835   6.1187
2023-04-23_19:55:00   nan   nan   0.8645   5.8538
2023-04-23_22:35:00   nan   nan   62.0006   9.4094
2023-04-23_17:45:00   nan   nan   12.0923   9.3638
2023-04-24_15:30:00   nan   nan   4.3678   9.3003
2023-04-23_23:25:00   nan   nan   130.3003   5.7656
2023-04-23_21:50:00   nan   nan   8.9761   5.5668
2023-04-24_12:50:00   nan   nan   2.2277   9.1435
2023-04-23_21:35:00   nan   nan   2.5459   5.7851
2023-04-24_12:15:00   nan   nan   3.0748   9.0997
2023-04-23_18:05:00   nan   nan   18.7638   8.7040
2023-04-23_19:50:00   nan   nan   5.2472   5.4629
2023-04-23_18:00:00   nan   nan   36.2734   8.9236
2023-04-24_09:35:00   nan   nan   6.2216   6.1821
2023-04-23_23:40:00   nan   nan   23.9580   5.5168
2023-04-24_00:50:00   nan   nan   22.8738   6.1187
2023-04-23_16:45:00   nan   nan   6.0146   9.8832
2023-04-23_21:55:00   nan   nan   4.4521   5.5483
2023-04-24_15:50:00   nan   nan   8.2936   9.2173
2023-04-23_21:15:00   nan   nan   5.5457   5.6581
2023-04-23_22:40:00   nan   nan   42.4488   9.1947
2023-04-23_17:05:00   nan   nan   8.6899   9.8832
2023-04-23_19:15:00   nan   nan   3.0831   5.8800
2023-04-23_18:15:00   nan   nan   44.9808   8.7040
2023-04-23_22:15:00   nan   nan   14.1122   5.9835
2023-04-24_07:35:00   nan   nan   16.9667   5.9058
2023-04-24_01:05:00   nan   nan   29.3300   6.1187
2023-04-23_20:55:00   nan   nan   63.9801   5.6853
2023-04-23_20:05:00   nan   nan   16.4389   5.6581
2023-04-24_00:25:00   nan   nan   35.1153   6.1321
2023-04-24_05:10:00   nan   nan   133.2710   5.2738
2023-04-24_11:55:00   nan   nan   3.1427   9.0794
