Format:
           1) Time
           2) Maximal reconnection rate at closest pressure dip
           3) Distance from earth
           4) Rate from critical
           5) Distance from critical
2022-03-12_08:15:00   1619193.6023   14.0469   3573.8366   13.6283
2022-03-12_12:55:00   1211.3806   13.9575   355.7542   13.3572
2022-03-13_03:15:00   350.0296   14.4649   13.4240   13.3021
2022-03-12_08:10:00   315953.3304   14.2173   772.3795   13.6283
2022-03-12_14:30:00   842.4084   13.6097   216.9110   13.3687
2022-03-12_17:05:00   679.7955   13.5519   114.7674   13.1767
2022-03-12_11:50:00   728.2010   14.3567   47.2913   13.5619
2022-03-12_10:45:00   3382.1656   14.0805   878.9546   13.3687
2022-03-12_18:30:00   854.7148   13.4226   154.5379   13.1767
2022-03-12_11:55:00   674.9604   14.1570   212.5289   13.5619
2022-03-12_05:05:00   1811.2450   14.9696   357.0148   13.6621
2022-03-12_20:40:00   166.2170   13.4392   46.2386   13.1556
2022-03-12_15:40:00   24735.1942   13.9451   638.6491   12.9691
2022-03-12_10:20:00   552.2905   14.1109   125.3633   14.1870
2022-03-12_12:05:00   593.5825   14.5557   7.2012   13.5604
2022-03-12_12:10:00   608.5084   14.3901   142.3594   13.5604
2022-03-12_09:25:00   6024.9689   14.0791   919.1072   14.4012
2022-03-12_14:30:00   842.4084   13.6097   216.9110   13.3687
2022-03-12_13:45:00   735.6458   13.7320   180.4045   13.3618
2022-03-12_05:00:00   120.1545   14.6498   363.4682   13.6621
2022-03-12_12:40:00   877.3303   13.8952   252.2741   13.3572
2022-03-12_11:10:00   3257.8805   14.0507   1196.4396   13.3649
2022-03-12_12:00:00   660.8240   14.1253   217.1631   13.5619
2022-03-12_11:50:00   728.2010   14.3567   47.2913   13.5619
2022-03-12_08:00:00   87718.9018   13.6840   240.0787   13.6283
2022-03-12_01:15:00   998.8394   13.9665   165.5797   13.8111
2022-03-12_08:30:00   263366.2831   14.4739   5415.8834   13.6185
2022-03-13_01:15:00   226.6691   13.4253   13.0492   13.2256
2022-03-12_03:10:00   141.7662   14.2322   39.5980   14.0639
2022-03-12_17:45:00   587.2429   13.4226   91.1925   13.1767
2022-03-12_17:25:00   621.5273   13.4295   119.9183   13.1829
2022-03-12_11:45:00   731.1983   14.0978   242.8262   13.5642
2022-03-12_03:00:00   181.1830   14.4308   45.6858   14.0639
2022-03-12_14:45:00   857.5842   13.7728   174.9529   13.1665
2022-03-12_16:50:00   536.6946   13.4295   113.0968   13.1829
2022-03-13_01:05:00   208.5079   13.6176   12.1025   13.2256
2022-03-12_12:05:00   593.5825   14.5557   7.2012   13.5604
2022-03-12_04:15:00   603.7348   14.3259   106.1092   13.8755
2022-03-12_05:25:00   7935.8131   14.8766   237.3369   13.4612
2022-03-12_19:15:00   301.2908   13.7728   58.3459   13.1665
2022-03-13_05:10:00   1168.7290   14.4318   250.0264   13.3176
2022-03-12_08:35:00   2638815.1953   14.2014   203.9955   13.6094
2022-03-12_17:50:00   507.7396   13.5519   47.5346   13.1829
2022-03-12_04:05:00   480.5255   14.2667   106.0133   13.8888
2022-03-12_03:20:00   189.0590   14.4103   52.3618   14.0639
2022-03-12_16:10:00   1487.0388   13.5850   355.2718   13.1767
2022-03-12_01:45:00   47219.2741   14.1126   2753.4694   13.6185
2022-03-12_04:30:00   763.2409   14.3010   124.6378   13.8888
2022-03-12_06:05:00   19097.7333   14.8662   93.3212   13.4491
2022-03-12_09:30:00   3835.6680   14.1023   955.6531   13.3994
2022-03-12_22:40:00   305.2524   13.6830   20.8167   13.3618
2022-03-12_22:45:00   268.8522   13.8813   39.5236   13.3618
2022-03-12_09:30:00   3835.6680   14.1023   955.6531   13.3994
2022-03-12_01:35:00   10385.7858   14.0488   451.3563   13.6094
2022-03-13_04:40:00   1622.6470   14.3139   302.0577   13.1341
2022-03-12_15:10:00   2190.0847   13.5789   524.9546   13.1712
2022-03-12_19:00:00   310.3216   13.5104   39.5945   13.1712
2022-03-12_03:15:00   144.5898   14.6093   41.1571   14.0639
2022-03-12_20:00:00   259.3403   13.9319   50.2021   13.1595
2022-03-13_02:00:00   263.1583   13.4489   28.5215   13.2605
2022-03-12_05:45:00   26172.9479   14.7816   167.8430   13.4612
2022-03-13_00:40:00   207.0261   13.4046   14.3135   13.4078
2022-03-12_21:55:00   258.5549   13.9918   69.1912   13.1549
2022-03-12_11:15:00   2823.1566   14.0739   737.0658   13.3649
2022-03-12_10:05:00   409.3504   14.1449   171.5815   14.3891
2022-03-12_17:50:00   507.7396   13.5519   47.5346   13.1829
2022-03-12_12:25:00   636.1257   14.5557   178.3089   13.3580
2022-03-12_11:35:00   1034.9876   14.3581   140.0512   13.5642
2022-03-12_05:30:00   16178.1373   14.9661   178.3446   13.4612
2022-03-13_00:35:00   220.1098   13.5973   26.0886   13.2155
2022-03-12_11:00:00   5779.0676   14.0768   1473.9064   13.3649
2022-03-13_01:10:00   211.2094   13.4253   28.3360   13.2365
2022-03-12_21:05:00   283.1247   13.6755   42.5548   13.1549
2022-03-12_03:30:00   231.5436   14.4217   60.6323   14.0763
2022-03-12_16:00:00   2911.6320   13.7840   536.8422   12.9746
2022-03-12_17:25:00   621.5273   13.4295   119.9183   13.1829
2022-03-12_14:20:00   1114.2455   13.6097   176.6511   13.3687
2022-03-12_10:30:00   953.3794   14.0573   225.4523   14.1820
2022-03-12_15:25:00   11528.5369   13.5157   1038.7573   13.1767
2022-03-12_05:10:00   4146.5429   15.0558   336.4787   13.4612
2022-03-12_09:30:00   3835.6680   14.1023   955.6531   13.3994
2022-03-12_07:40:00   9519.9698   14.0555   765.1439   13.8400
2022-03-13_03:45:00   1006.1513   14.3010   107.7156   13.3021
2022-03-12_21:45:00   221.4425   14.1137   32.7909   13.1572
2022-03-12_15:45:00   22401.9572   13.5157   2554.7569   12.9746
2022-03-13_05:50:00   2741.1805   14.1165   536.8469   13.1341
2022-03-13_00:55:00   232.4373   13.3466   21.7138   13.2155
2022-03-12_18:50:00   456.5785   13.7454   84.4020   13.1712
2022-03-12_09:10:00   30819.3619   14.0487   4544.4553   13.3994
2022-03-12_11:15:00   2823.1566   14.0739   737.0658   13.3649
2022-03-12_09:00:00   53212.2587   14.2234   1242.4349   14.0047
2022-03-12_07:15:00   2649.5596   14.5171   1805.0804   13.6501
2022-03-13_03:10:00   262.0629   14.6046   38.7289   13.2875
2022-03-12_10:10:00   409.6195   14.1160   172.8905   14.3891
2022-03-12_16:10:00   1487.0388   13.5850   355.2718   13.1767
2022-03-12_15:50:00   10651.4389   13.4885   1582.2313   12.9746
2022-03-12_10:45:00   3382.1656   14.0805   878.9546   13.3687
2022-03-12_03:05:00   152.4878   14.6093   43.4929   14.0639
2022-03-12_21:30:00   161.3292   14.3247   26.4541   13.3572
2022-03-12_08:40:00   232580.3772   14.3051   186553.9130   13.8200
2022-03-12_11:35:00   1034.9876   14.3581   140.0512   13.5642
2022-03-13_06:40:00   954.5895   14.5926   153.8630   13.2736
2022-03-12_07:30:00   3723.2122   13.8404   3254.8862   13.6388
2022-03-12_09:10:00   30819.3619   14.0487   4544.4553   13.3994
2022-03-12_05:15:00   5433.4886   14.8766   346.6227   13.4612
2022-03-12_04:10:00   521.5386   14.3259   90.9617   13.8755
2022-03-12_17:15:00   615.2314   13.4295   134.5872   13.1829
2022-03-12_06:40:00   13947.0206   14.5948   361.3021   13.6501
2022-03-13_02:05:00   247.1586   13.6537   18.7076   13.2605
2022-03-12_01:40:00   13418.6864   13.9526   6016.1748   13.6185
2022-03-12_23:55:00   314.9206   13.7092   39.2306   13.3787
2022-03-12_10:50:00   4196.2627   14.0369   1144.4083   13.3687
2022-03-12_16:55:00   538.4623   13.4295   106.0023   13.1829
2022-03-12_23:40:00   276.1291   13.7024   7.1291   13.3787
2022-03-12_08:50:00   62608.3186   14.2014   3384.6254   13.6094
2022-03-12_09:05:00   39497.7318   14.0342   2744.3284   14.0047
2022-03-12_14:25:00   998.1865   13.6097   223.2366   13.3687
2022-03-12_13:35:00   707.7313   13.8002   184.4691   13.3618
2022-03-12_20:15:00   207.9960   13.4422   15.9874   13.1595
2022-03-12_16:45:00   540.5899   13.3929   123.3361   13.1829
2022-03-12_09:20:00   4545.3660   14.4172   1160.1149   14.4083
2022-03-12_06:30:00   30784.1781   14.7719   246.1237   13.6501
2022-03-12_04:45:00   1625.8555   14.1410   247.2460   13.8888
2022-03-12_03:45:00   345.0627   14.4867   78.6817   14.0763
2022-03-12_17:20:00   626.2631   13.4295   132.5214   13.1829
2022-03-12_12:35:00   857.8696   14.1563   258.9843   13.3572
2022-03-12_10:55:00   4747.6401   14.0536   1490.2338   13.3687
2022-03-12_12:00:00   660.8240   14.1253   217.1631   13.5619
2022-03-12_19:45:00   250.5527   13.4460   11.7907   13.1627
2022-03-12_04:10:00   521.5386   14.3259   90.9617   13.8755
2022-03-12_13:20:00   877.8484   13.5984   205.6884   13.3595
2022-03-12_16:15:00   1120.9797   13.5850   279.4836   13.1767
2022-03-12_03:30:00   231.5436   14.4217   60.6323   14.0763
2022-03-13_01:40:00   278.0554   13.6289   21.0798   13.4376
2022-03-12_09:00:00   53212.2587   14.2234   1242.4349   14.0047
2022-03-12_11:05:00   4463.3531   14.0768   1348.6973   13.3649
2022-03-12_15:15:00   3899.1726   13.5458   422.4882   13.1712
2022-03-12_13:00:00   1217.0148   13.8959   304.5614   13.3572
2022-03-12_18:35:00   698.8361   13.4620   133.8467   13.1767
2022-03-12_17:05:00   679.7955   13.5519   114.7674   13.1767
2022-03-12_14:10:00   1297.6815   13.7060   129.9603   13.3687
2022-03-12_12:10:00   608.5084   14.3901   142.3594   13.5604
2022-03-13_05:00:00   1121.7262   14.5114   239.5011   13.1341
2022-03-12_10:05:00   409.3504   14.1449   171.5815   14.3891
2022-03-12_17:20:00   626.2631   13.4295   132.5214   13.1829
2022-03-13_03:00:00   213.3127   14.4867   55.6246   13.2736
2022-03-12_08:55:00   606648.5359   14.2177   522.0880   13.3994
2022-03-12_16:20:00   974.7247   13.6210   201.5674   12.9746
2022-03-13_03:20:00   419.3365   14.4338   102.9368   13.2875
2022-03-12_10:10:00   409.6195   14.1160   172.8905   14.3891
2022-03-12_13:55:00   856.4009   13.3699   148.2095   13.3649
2022-03-12_07:25:00   3712.1213   13.8515   3712.1213   13.8511
2022-03-12_22:15:00   315.2619   13.6800   9.7742   13.3595
2022-03-13_00:50:00   232.6411   13.3466   24.1705   13.2155
2022-03-12_20:55:00   182.8677   14.1585   30.5714   13.1556
2022-03-12_05:15:00   5433.4886   14.8766   346.6227   13.4612
2022-03-12_13:05:00   1023.4916   13.8334   190.7284   13.3580
2022-03-12_19:30:00   251.1841   13.7357   50.7764   13.1627
2022-03-12_12:40:00   877.3303   13.8952   252.2741   13.3572
2022-03-12_05:35:00   31631.4909   14.6046   119.3910   13.4612
2022-03-12_09:00:00   53212.2587   14.2234   1242.4349   14.0047
2022-03-13_01:40:00   278.0554   13.6289   21.0798   13.4376
2022-03-13_04:35:00   1722.6256   14.6757   263.2368   13.1341
2022-03-12_20:40:00   166.2170   13.4392   46.2386   13.1556
2022-03-12_14:45:00   857.5842   13.7728   174.9529   13.1665
2022-03-12_23:45:00   247.2421   13.5083   29.5860   13.3787
2022-03-13_05:20:00   1338.3818   14.5114   261.8822   13.1341
2022-03-12_03:45:00   345.0627   14.4867   78.6817   14.0763
2022-03-13_02:05:00   247.1586   13.6537   18.7076   13.2605
2022-03-13_01:20:00   314.3154   13.6176   23.5671   13.2155
2022-03-12_12:15:00   695.0597   14.1563   221.3875   13.5604
2022-03-13_04:15:00   1604.4083   14.3139   301.2417   13.3176
2022-03-12_10:15:00   469.0895   14.1398   210.7005   14.1928
2022-03-12_11:40:00   890.0474   14.1585   255.7976   13.5642
2022-03-12_16:45:00   540.5899   13.3929   123.3361   13.1829
2022-03-12_12:50:00   1088.2726   13.9925   332.7085   13.3572
2022-03-12_06:40:00   13947.0206   14.5948   361.3021   13.6501
2022-03-12_16:50:00   536.6946   13.4295   113.0968   13.1829
2022-03-13_04:10:00   1245.3793   14.6305   264.2483   13.3176
2022-03-12_20:15:00   207.9960   13.4422   15.9874   13.1595
2022-03-12_07:35:00   5990.2202   14.0526   919.5633   13.8400
2022-03-12_12:55:00   1211.3806   13.9575   355.7542   13.3572
2022-03-13_00:15:00   261.2115   13.5227   23.7304   13.3917
2022-03-12_15:00:00   1153.9875   13.5789   286.0433   13.1712
2022-03-12_21:20:00   250.8066   13.8702   12.6593   13.3572
2022-03-12_11:40:00   890.0474   14.1585   255.7976   13.5642
2022-03-12_09:40:00   1504.0977   14.0791   665.2997   14.4012
2022-03-12_20:35:00   187.2645   14.0340   18.6404   13.1572
2022-03-12_18:45:00   466.5150   13.5157   69.4684   13.1767
2022-03-12_12:30:00   728.7932   14.3901   136.7918   13.5596
2022-03-12_08:25:00   3651177.3505   14.3905   1033.5531   13.6185
2022-03-12_11:20:00   2193.6878   14.1000   770.6829   13.5642
2022-03-12_11:10:00   3257.8805   14.0507   1196.4396   13.3649
2022-03-12_13:10:00   1152.4837   13.9267   319.4924   13.3580
2022-03-12_05:30:00   16178.1373   14.9661   178.3446   13.4612
2022-03-12_03:35:00   262.2970   14.4528   67.2727   14.0763
2022-03-12_17:55:00   552.5128   13.7514   100.6759   13.1767
2022-03-13_02:10:00   249.7137   13.6537   4.7016   13.2605
2022-03-12_19:20:00   270.4203   13.7402   55.3911   13.1665
2022-03-12_09:25:00   6024.9689   14.0791   919.1072   14.4012
2022-03-13_00:00:00   235.6531   13.7166   34.5543   13.3848
2022-03-12_23:30:00   263.5700   13.7024   40.9657   13.3734
2022-03-12_16:40:00   549.3148   13.3929   91.5997   13.1829
2022-03-12_18:25:00   855.4175   13.7840   131.5269   13.1767
2022-03-12_06:45:00   9092.3868   14.8566   175.9466   13.4376
2022-03-12_05:40:00   26835.7271   14.7816   141.5541   13.4612
2022-03-12_14:40:00   741.8905   13.7402   157.3440   13.1665
2022-03-12_22:55:00   383.6432   13.8813   56.9332   13.3618
2022-03-12_18:40:00   559.2517   13.4226   96.7595   13.1767
2022-03-12_08:45:00   222288571.4918   14.2895   5694.5334   13.6094
2022-03-12_18:10:00   648.4576   13.7840   109.2302   13.1767
2022-03-12_13:30:00   722.0453   13.6993   178.5550   13.3595
2022-03-12_13:45:00   735.6458   13.7320   180.4045   13.3618
2022-03-12_18:45:00   466.5150   13.5157   69.4684   13.1767
2022-03-12_12:45:00   924.7510   14.3908   202.0008   13.3572
2022-03-12_17:45:00   587.2429   13.4226   91.1925   13.1767
2022-03-12_18:20:00   777.8473   13.7840   131.8741   13.1767
2022-03-12_16:40:00   549.3148   13.3929   91.5997   13.1829
2022-03-12_19:50:00   245.8436   14.0812   54.5766   12.9572
2022-03-12_16:30:00   698.5194   13.5217   73.8025   13.1829
2022-03-12_12:45:00   924.7510   14.3908   202.0008   13.3572
2022-03-12_12:15:00   695.0597   14.1563   221.3875   13.5604
2022-03-12_15:55:00   4635.5626   13.7514   567.1314   12.9746
2022-03-13_02:50:00   298.0478   13.6815   46.1971   13.2736
2022-03-12_10:15:00   469.0895   14.1398   210.7005   14.1928
2022-03-12_11:30:00   1123.2280   14.3268   96.3012   13.5642
2022-03-12_13:15:00   883.3155   13.5984   118.9811   13.3595
2022-03-13_00:00:00   235.6531   13.7166   34.5543   13.3848
2022-03-12_17:55:00   552.5128   13.7514   100.6759   13.1767
2022-03-12_04:25:00   655.7259   14.3010   112.2969   13.8888
2022-03-12_08:10:00   315953.3304   14.2173   772.3795   13.6283
2022-03-13_01:45:00   248.5019   13.6409   35.6651   13.4376
2022-03-12_08:45:00   222288571.4918   14.2895   5694.5334   13.6094
2022-03-12_08:50:00   62608.3186   14.2014   3384.6254   13.6094
2022-03-12_10:00:00   378.2573   14.0958   146.6318   14.4012
2022-03-12_15:15:00   3899.1726   13.5458   422.4882   13.1712
2022-03-12_07:45:00   15626.3292   14.0700   2508.5425   13.8400
2022-03-12_05:40:00   26835.7271   14.7816   141.5541   13.4612
2022-03-12_09:20:00   4545.3660   14.4172   1160.1149   14.4083
2022-03-12_21:40:00   195.2822   14.1909   35.3624   13.1572
2022-03-13_04:30:00   1766.7388   14.3139   315.6214   13.1341
2022-03-13_05:45:00   2078.4244   14.4318   344.7087   13.3176
2022-03-13_03:25:00   503.0013   14.4987   20.2412   13.3021
2022-03-12_10:20:00   552.2905   14.1109   125.3633   14.1870
2022-03-12_19:00:00   310.3216   13.5104   39.5945   13.1712
2022-03-13_01:50:00   274.2900   13.6409   37.8311   13.4376
2022-03-12_11:00:00   5779.0676   14.0768   1473.9064   13.3649
2022-03-13_01:15:00   226.6691   13.4253   13.0492   13.2256
2022-03-12_23:00:00   309.4733   13.8858   55.0416   13.3649
2022-03-13_03:05:00   212.4790   14.3259   3.8293   13.2875
2022-03-12_01:30:00   4486.4921   14.0336   559.3299   13.6094
2022-03-12_18:00:00   515.1897   13.5519   47.3304   13.1829
2022-03-13_00:10:00   290.6066   13.5799   38.0003   13.3848
2022-03-12_16:20:00   974.7247   13.6210   201.5674   12.9746
2022-03-12_08:20:00   1021584.9281   14.0273   436.0565   13.6185
2022-03-13_00:45:00   224.4609   13.4046   13.9077   13.4078
2022-03-12_09:45:00   1039.8016   14.1507   363.8643   14.4012
2022-03-12_15:20:00   6153.3923   13.7781   627.3751   13.1712
2022-03-12_14:50:00   894.6965   13.7105   176.2485   13.1665
2022-03-12_04:35:00   870.4515   14.2581   143.4844   13.8888
2022-03-12_06:45:00   9092.3868   14.8566   175.9466   13.4376
2022-03-12_10:35:00   1525.0217   14.0805   609.6743   14.1820
2022-03-12_10:40:00   2151.3250   14.0573   1019.2309   14.1776
2022-03-13_03:55:00   911.1003   14.6757   104.2563   13.3176
2022-03-12_12:30:00   728.7932   14.3901   136.7918   13.5596
2022-03-12_19:20:00   270.4203   13.7402   55.3911   13.1665
2022-03-12_15:35:00   16499.3207   14.5165   1257.3462   12.9691
2022-03-12_03:40:00   308.6915   14.4528   77.2404   14.0763
2022-03-12_05:50:00   23823.6915   14.7816   222.9507   13.4612
2022-03-12_02:10:00   1039.1421   14.3897   287.5717   14.0413
2022-03-13_01:30:00   261.7677   13.5719   38.9925   13.4269
2022-03-12_07:40:00   9519.9698   14.0555   765.1439   13.8400
2022-03-12_15:50:00   10651.4389   13.4885   1582.2313   12.9746
2022-03-12_23:05:00   329.5839   13.8858   49.2405   13.3649
2022-03-12_17:00:00   615.8293   13.5519   106.3850   13.1767
2022-03-12_00:30:00   31772.5103   13.7040   1424.6476   13.5868
2022-03-12_21:50:00   248.4474   14.0296   23.2835   13.1556
2022-03-13_05:05:00   1178.1400   14.4318   262.6853   13.3176
2022-03-12_14:10:00   1297.6815   13.7060   129.9603   13.3687
2022-03-12_23:10:00   378.0987   13.8858   58.1754   13.3649
2022-03-12_23:10:00   378.0987   13.8858   58.1754   13.3649
2022-03-12_03:25:00   214.6930   14.4753   55.1107   14.0763
2022-03-12_11:30:00   1123.2280   14.3268   96.3012   13.5642
2022-03-12_07:05:00   2863.8253   14.9497   602.8561   13.6388
2022-03-12_04:00:00   489.8284   14.2888   92.4922   13.8755
2022-03-12_08:40:00   232580.3772   14.3051   186553.9130   13.8200
2022-03-12_13:40:00   722.3207   13.6014   197.2536   13.3618
2022-03-12_20:30:00   204.6722   13.9962   21.6730   13.1572
2022-03-12_18:55:00   385.7174   13.9773   70.6141   13.1712
2022-03-12_12:00:00   660.8240   14.1253   217.1631   13.5619
2022-03-12_11:05:00   4463.3531   14.0768   1348.6973   13.3649
2022-03-12_14:50:00   894.6965   13.7105   176.2485   13.1665
2022-03-12_09:40:00   1504.0977   14.0791   665.2997   14.4012
2022-03-12_20:50:00   298.3695   13.6762   39.8687   13.1556
2022-03-12_10:30:00   953.3794   14.0573   225.4523   14.1820
2022-03-12_07:00:00   4725.2048   14.7719   286.2372   13.6388
2022-03-12_01:10:00   592.3092   14.0061   73.2694   13.6011
2022-03-12_14:35:00   750.0384   13.3745   125.2659   13.3687
2022-03-12_11:10:00   3257.8805   14.0507   1196.4396   13.3649
2022-03-12_12:10:00   608.5084   14.3901   142.3594   13.5604
2022-03-12_07:00:00   4725.2048   14.7719   286.2372   13.6388
2022-03-12_18:10:00   648.4576   13.7840   109.2302   13.1767
2022-03-12_19:35:00   268.7847   13.9356   55.2033   13.1627
2022-03-12_08:05:00   914440.1445   14.4866   435.1727   13.6283
2022-03-12_05:20:00   7033.3308   14.8766   227.6902   13.4612
2022-03-12_22:10:00   413.9142   13.6777   34.6188   13.1556
2022-03-12_23:20:00   314.8757   13.6964   14.2391   13.3734
2022-03-12_18:25:00   855.4175   13.7840   131.5269   13.1767
2022-03-12_15:30:00   22380.1882   13.5157   311.6071   12.9691
2022-03-12_03:35:00   262.2970   14.4528   67.2727   14.0763
2022-03-12_17:00:00   615.8293   13.5519   106.3850   13.1767
2022-03-12_10:25:00   750.0299   14.0849   321.6799   14.1820
2022-03-12_15:30:00   22380.1882   13.5157   311.6071   12.9691
2022-03-12_22:20:00   175.6832   14.2983   31.3877   13.3595
2022-03-13_03:50:00   1045.6580   14.2796   200.1060   13.3021
2022-03-12_09:05:00   39497.7318   14.0342   2744.3284   14.0047
2022-03-12_14:20:00   1114.2455   13.6097   176.6511   13.3687
2022-03-12_13:50:00   801.6400   13.7022   186.9590   13.3618
2022-03-12_04:35:00   870.4515   14.2581   143.4844   13.8888
2022-03-12_09:40:00   1504.0977   14.0791   665.2997   14.4012
2022-03-12_18:40:00   559.2517   13.4226   96.7595   13.1767
2022-03-12_00:45:00   1652.4810   13.7092   111.5319   13.5936
2022-03-13_04:35:00   1722.6256   14.6757   263.2368   13.1341
2022-03-12_09:55:00   503.4556   14.1218   212.8086   14.3948
2022-03-12_17:40:00   708.6391   13.5458   114.2112   13.1712
2022-03-12_17:10:00   618.8626   13.4295   104.8463   13.1829
2022-03-12_19:15:00   301.2908   13.7728   58.3459   13.1665
2022-03-12_12:20:00   659.8472   14.0956   117.5682   13.5596
2022-03-12_06:00:00   22408.1284   14.7816   300.2783   13.4612
2022-03-12_11:45:00   731.1983   14.0978   242.8262   13.5642
2022-03-12_12:40:00   877.3303   13.8952   252.2741   13.3572
2022-03-12_16:35:00   658.5319   13.5217   57.4646   13.1829
2022-03-12_14:25:00   998.1865   13.6097   223.2366   13.3687
2022-03-13_03:45:00   1006.1513   14.3010   107.7156   13.3021
2022-03-12_12:30:00   728.7932   14.3901   136.7918   13.5596
2022-03-12_21:35:00   168.2268   14.1563   18.2734   13.3572
2022-03-12_10:55:00   4747.6401   14.0536   1490.2338   13.3687
2022-03-12_13:40:00   722.3207   13.6014   197.2536   13.3618
2022-03-12_10:00:00   378.2573   14.0958   146.6318   14.4012
2022-03-12_09:45:00   1039.8016   14.1507   363.8643   14.4012
2022-03-12_11:25:00   1530.8928   14.0739   426.1994   13.5642
2022-03-12_14:00:00   1030.0564   13.6052   320.6077   13.3649
2022-03-12_18:15:00   703.0764   13.7840   112.4652   13.1767
2022-03-12_18:15:00   703.0764   13.7840   112.4652   13.1767
2022-03-13_02:30:00   284.9016   13.6672   30.4586   13.2605
2022-03-12_09:50:00   722.8448   14.1507   102.8038   14.4012
2022-03-12_11:00:00   5779.0676   14.0768   1473.9064   13.3649
2022-03-12_11:15:00   2823.1566   14.0739   737.0658   13.3649
2022-03-12_14:40:00   741.8905   13.7402   157.3440   13.1665
2022-03-12_23:35:00   271.3705   13.7024   40.3514   13.3734
2022-03-13_05:25:00   1232.9376   14.5114   260.7044   13.1341
2022-03-12_15:00:00   1153.9875   13.5789   286.0433   13.1712
2022-03-12_21:15:00   250.2639   13.6216   30.9746   13.3572
2022-03-12_07:05:00   2863.8253   14.9497   602.8561   13.6388
2022-03-12_13:00:00   1217.0148   13.8959   304.5614   13.3572
2022-03-12_16:25:00   873.8288   13.7514   168.9923   13.1767
2022-03-12_22:25:00   281.2371   13.6800   39.6390   13.3595
2022-03-12_23:50:00   256.8143   13.5151   40.8106   13.3787
2022-03-13_05:50:00   2741.1805   14.1165   536.8469   13.1341
2022-03-13_02:30:00   284.9016   13.6672   30.4586   13.2605
2022-03-13_02:55:00   314.3484   13.6815   50.7950   13.2736
2022-03-12_12:15:00   695.0597   14.1563   221.3875   13.5604
2022-03-12_18:50:00   456.5785   13.7454   84.4020   13.1712
2022-03-12_08:30:00   263366.2831   14.4739   5415.8834   13.6185
2022-03-13_01:35:00   280.0882   13.6289   17.5861   13.4376
2022-03-12_04:00:00   489.8284   14.2888   92.4922   13.8755
2022-03-12_17:15:00   615.2314   13.4295   134.5872   13.1829
2022-03-12_20:45:00   276.5149   13.6762   37.7256   13.1556
2022-03-12_22:50:00   330.7839   13.8813   50.4033   13.3618
2022-03-12_07:10:00   2237.9231   14.9497   650.0713   13.6388
2022-03-12_15:05:00   1559.1510   13.5789   358.5985   13.1712
2022-03-12_16:15:00   1120.9797   13.5850   279.4836   13.1767
2022-03-12_11:35:00   1034.9876   14.3581   140.0512   13.5642
2022-03-12_04:40:00   1177.8324   14.2122   190.5591   13.8888
2022-03-12_18:05:00   594.1696   13.5519   46.3619   13.1829
2022-03-12_14:35:00   750.0384   13.3745   125.2659   13.3687
2022-03-12_03:55:00   450.0385   14.2888   91.6222   13.8755
2022-03-12_16:05:00   1989.4895   13.5850   468.4593   13.1767
2022-03-12_19:40:00   259.6904   14.0406   16.2333   13.1627
2022-03-13_04:25:00   1781.3363   14.1165   410.8211   13.3176
2022-03-12_15:25:00   11528.5369   13.5157   1038.7573   13.1767
2022-03-12_02:30:00   160.2576   14.5988   43.1750   14.0522
2022-03-12_19:25:00   279.3331   13.7357   52.7496   13.1627
2022-03-12_17:30:00   561.2307   13.3929   96.3074   13.1829
2022-03-12_13:40:00   722.3207   13.6014   197.2536   13.3618
2022-03-13_03:30:00   648.6940   14.4987   95.1887   13.3021
2022-03-13_03:20:00   419.3365   14.4338   102.9368   13.2875
2022-03-12_08:35:00   2638815.1953   14.2014   203.9955   13.6094
2022-03-12_16:00:00   2911.6320   13.7840   536.8422   12.9746
2022-03-12_21:05:00   283.1247   13.6755   42.5548   13.1549
2022-03-12_13:35:00   707.7313   13.8002   184.4691   13.3618
2022-03-12_21:55:00   258.5549   13.9918   69.1912   13.1549
2022-03-12_19:50:00   245.8436   14.0812   54.5766   12.9572
2022-03-13_00:05:00   243.4256   13.5227   8.4993   13.3917
2022-03-12_16:05:00   1989.4895   13.5850   468.4593   13.1767
2022-03-12_10:45:00   3382.1656   14.0805   878.9546   13.3687
2022-03-13_07:05:00   781.3791   14.4753   173.3881   13.2605
2022-03-12_18:05:00   594.1696   13.5519   46.3619   13.1829
2022-03-12_13:15:00   883.3155   13.5984   118.9811   13.3595
2022-03-12_13:20:00   877.8484   13.5984   205.6884   13.3595
2022-03-12_18:55:00   385.7174   13.9773   70.6141   13.1712
2022-03-12_01:00:00   387.2138   13.5151   39.7610   13.6011
2022-03-12_14:55:00   940.2068   13.6150   182.2732   13.1712
2022-03-12_06:55:00   4944.7066   14.9497   433.9648   13.6388
2022-03-12_21:25:00   161.7579   14.1246   27.0054   13.3572
2022-03-12_19:25:00   279.3331   13.7357   52.7496   13.1627
2022-03-12_09:45:00   1039.8016   14.1507   363.8643   14.4012
2022-03-13_04:05:00   796.9336   14.5114   174.1760   13.3176
2022-03-12_19:05:00   287.0628   13.4560   34.2841   13.1712
2022-03-12_09:10:00   30819.3619   14.0487   4544.4553   13.3994
2022-03-13_00:20:00   241.5695   13.5310   37.2455   13.3917
2022-03-12_06:25:00   21197.6187   14.7754   70.4018   13.4491
2022-03-12_10:35:00   1525.0217   14.0805   609.6743   14.1820
2022-03-13_02:45:00   265.3224   13.7410   6.0476   13.2875
2022-03-12_16:25:00   873.8288   13.7514   168.9923   13.1767
2022-03-12_17:35:00   515.3610   13.5217   89.9053   13.1829
2022-03-12_22:00:00   230.8996   14.0296   22.6415   13.1556
2022-03-12_03:10:00   141.7662   14.2322   39.5980   14.0639
2022-03-12_02:15:00   413.6253   14.7883   92.9496   14.0413
2022-03-13_04:00:00   898.5538   14.6451   216.0668   13.3021
2022-03-12_07:45:00   15626.3292   14.0700   2508.5425   13.8400
2022-03-12_02:05:00   3290.6522   14.3613   509.8536   13.8296
2022-03-12_13:55:00   856.4009   13.3699   148.2095   13.3649
2022-03-12_00:35:00   10146.1204   13.9724   1146.6394   13.8029
2022-03-12_16:30:00   698.5194   13.5217   73.8025   13.1829
2022-03-12_10:40:00   2151.3250   14.0573   1019.2309   14.1776
2022-03-12_17:30:00   561.2307   13.3929   96.3074   13.1829
2022-03-12_13:45:00   735.6458   13.7320   180.4045   13.3618
2022-03-12_17:40:00   708.6391   13.5458   114.2112   13.1712
2022-03-12_19:05:00   287.0628   13.4560   34.2841   13.1712
2022-03-12_06:10:00   24813.7623   14.8662   71.0164   13.4491
2022-03-12_07:20:00   3034.9996   14.5948   476.2314   13.6388
2022-03-12_15:35:00   16499.3207   14.5165   1257.3462   12.9691
2022-03-12_10:30:00   953.3794   14.0573   225.4523   14.1820
2022-03-12_21:00:00   159.0811   14.0318   42.8457   13.1549
2022-03-12_15:10:00   2190.0847   13.5789   524.9546   13.1712
2022-03-12_19:55:00   249.3726   13.7022   60.5142   13.1595
2022-03-12_07:10:00   2237.9231   14.9497   650.0713   13.6388
2022-03-12_21:10:00   170.2458   14.1253   33.5324   13.3572
2022-03-12_19:40:00   259.6904   14.0406   16.2333   13.1627
2022-03-12_04:55:00   590.7445   14.1641   248.1509   13.6748
2022-03-13_02:55:00   314.3484   13.6815   50.7950   13.2736
2022-03-12_12:20:00   659.8472   14.0956   117.5682   13.5596
2022-03-13_04:20:00   2197.8019   14.1035   274.2298   13.1177
2022-03-12_04:20:00   594.9993   14.1287   99.3618   13.8755
2022-03-13_05:30:00   1256.7837   14.6584   202.0952   13.1513
2022-03-12_11:55:00   674.9604   14.1570   212.5289   13.5619
2022-03-12_19:10:00   315.4489   13.7402   62.9952   13.1665
2022-03-12_02:35:00   157.4738   14.4548   41.9955   14.0522
2022-03-12_12:35:00   857.8696   14.1563   258.9843   13.3572
2022-03-12_09:15:00   7127.6292   14.4172   3336.2005   14.2065
2022-03-12_04:50:00   1081.3575   14.1691   329.6860   13.6748
2022-03-12_06:35:00   29092.8774   14.5948   165.0847   13.6501
2022-03-13_05:40:00   1456.3671   14.4318   331.2824   13.3176
2022-03-12_07:30:00   3723.2122   13.8404   3254.8862   13.6388
2022-03-12_22:05:00   441.2550   13.6777   28.1557   13.1556
2022-03-12_14:15:00   1164.3856   13.6097   306.4884   13.3687
2022-03-13_05:15:00   1130.1507   14.4318   269.1742   13.3176
2022-03-12_04:40:00   1177.8324   14.2122   190.5591   13.8888
2022-03-12_18:20:00   777.8473   13.7840   131.8741   13.1767
2022-03-12_12:05:00   593.5825   14.5557   7.2012   13.5604
2022-03-12_02:45:00   158.9858   14.8387   44.0490   14.0639
2022-03-12_13:35:00   707.7313   13.8002   184.4691   13.3618
2022-03-12_13:00:00   1217.0148   13.8959   304.5614   13.3572
2022-03-12_19:30:00   251.1841   13.7357   50.7764   13.1627
2022-03-12_17:35:00   515.3610   13.5217   89.9053   13.1829
2022-03-12_15:40:00   24735.1942   13.9451   638.6491   12.9691
2022-03-12_04:15:00   603.7348   14.3259   106.1092   13.8755
2022-03-12_10:00:00   378.2573   14.0958   146.6318   14.4012
2022-03-12_12:45:00   924.7510   14.3908   202.0008   13.3572
2022-03-12_18:35:00   698.8361   13.4620   133.8467   13.1767
2022-03-12_15:55:00   4635.5626   13.7514   567.1314   12.9746
2022-03-13_02:20:00   239.2996   13.5224   21.7679   13.2736
2022-03-12_06:15:00   20453.8901   14.8662   103.3598   13.4491
2022-03-13_00:30:00   203.0921   13.5973   26.0316   13.3994
2022-03-13_04:10:00   1245.3793   14.6305   264.2483   13.3176
2022-03-12_13:25:00   868.9166   13.9611   220.7000   13.3595
2022-03-12_15:45:00   22401.9572   13.5157   2554.7569   12.9746
2022-03-12_21:30:00   161.3292   14.3247   26.4541   13.3572
2022-03-12_23:35:00   271.3705   13.7024   40.3514   13.3734
2022-03-12_06:10:00   24813.7623   14.8662   71.0164   13.4491
2022-03-12_14:05:00   1401.1195   13.5691   356.9857   13.3649
2022-03-12_19:45:00   250.5527   13.4460   11.7907   13.1627
2022-03-12_22:30:00   264.2222   13.8776   41.7020   13.3595
2022-03-13_01:25:00   299.1994   13.4253   7.9237   13.2256
2022-03-12_06:35:00   29092.8774   14.5948   165.0847   13.6501
2022-03-13_01:00:00   231.7949   13.4146   11.5519   13.4170
2022-03-13_05:35:00   1410.0032   14.1165   298.6087   13.1341
2022-03-12_03:15:00   144.5898   14.6093   41.1571   14.0639
2022-03-12_09:15:00   7127.6292   14.4172   3336.2005   14.2065
2022-03-12_13:30:00   722.0453   13.6993   178.5550   13.3595
2022-03-12_09:35:00   2488.3569   14.2799   711.0387   13.3917
2022-03-12_05:10:00   4146.5429   15.0558   336.4787   13.4612
2022-03-12_22:20:00   175.6832   14.2983   31.3877   13.3595
2022-03-12_13:50:00   801.6400   13.7022   186.9590   13.3618
2022-03-12_06:20:00   26057.6147   14.5948   261.2739   13.4491
2022-03-12_13:05:00   1023.4916   13.8334   190.7284   13.3580
2022-03-13_04:50:00   1396.8081   14.3139   276.5382   13.1341
2022-03-12_10:50:00   4196.2627   14.0369   1144.4083   13.3687
2022-03-12_13:10:00   1152.4837   13.9267   319.4924   13.3580
2022-03-12_10:25:00   750.0299   14.0849   321.6799   14.1820
2022-03-12_03:40:00   308.6915   14.4528   77.2404   14.0763
2022-03-12_12:35:00   857.8696   14.1563   258.9843   13.3572
2022-03-12_15:20:00   6153.3923   13.7781   627.3751   13.1712
2022-03-12_13:15:00   883.3155   13.5984   118.9811   13.3595
2022-03-12_14:00:00   1030.0564   13.6052   320.6077   13.3649
2022-03-13_06:15:00   2461.7942   14.4466   212.5466   13.1341
2022-03-12_08:15:00   1619193.6023   14.0469   3573.8366   13.6283
2022-03-12_18:30:00   854.7148   13.4226   154.5379   13.1767
2022-03-12_11:20:00   2193.6878   14.1000   770.6829   13.5642
2022-03-13_01:55:00   270.0494   13.6409   15.3889   13.4491
2022-03-12_13:10:00   1152.4837   13.9267   319.4924   13.3580
2022-03-12_01:05:00   404.7684   14.1597   51.5329   13.6011
2022-03-12_03:50:00   395.8403   14.2545   83.0210   13.8755
2022-03-12_06:30:00   30784.1781   14.7719   246.1237   13.6501
2022-03-12_02:40:00   216.8109   13.3186   36.3610   14.2649
2022-03-12_05:35:00   31631.4909   14.6046   119.3910   13.4612
2022-03-12_22:35:00   332.4536   13.6830   8.4240   13.3618
2022-03-13_02:40:00   269.9609   13.8172   33.2530   13.2736
2022-03-13_05:25:00   1232.9376   14.5114   260.7044   13.1341
2022-03-12_02:00:00   13662.2131   14.0924   2346.4225   13.6283
2022-03-12_16:55:00   538.4623   13.4295   106.0023   13.1829
2022-03-12_05:55:00   20496.7882   14.7816   272.3789   13.4612
2022-03-13_03:40:00   829.8516   14.7693   165.4437   13.3021
2022-03-12_04:05:00   480.5255   14.2667   106.0133   13.8888
2022-03-12_11:45:00   731.1983   14.0978   242.8262   13.5642
2022-03-12_14:05:00   1401.1195   13.5691   356.9857   13.3649
2022-03-13_00:25:00   247.2356   13.5310   33.8008   13.3917
2022-03-12_13:30:00   722.0453   13.6993   178.5550   13.3595
2022-03-12_14:15:00   1164.3856   13.6097   306.4884   13.3687
2022-03-12_16:35:00   658.5319   13.5217   57.4646   13.1829
2022-03-12_11:30:00   1123.2280   14.3268   96.3012   13.5642
2022-03-12_07:35:00   5990.2202   14.0526   919.5633   13.8400
2022-03-12_10:05:00   409.3504   14.1449   171.5815   14.3891
2022-03-12_10:10:00   409.6195   14.1160   172.8905   14.3891
2022-03-13_02:35:00   254.0732   13.5992   22.5533   13.2736
2022-03-12_06:50:00   5456.3361   15.0361   362.6310   13.4376
2022-03-12_09:05:00   39497.7318   14.0342   2744.3284   14.0047
2022-03-12_15:05:00   1559.1510   13.5789   358.5985   13.1712
2022-03-12_04:30:00   763.2409   14.3010   124.6378   13.8888
2022-03-12_00:40:00   4949.3883   13.7092   286.3783   13.5936
2022-03-12_14:55:00   940.2068   13.6150   182.2732   13.1712
2022-03-13_05:00:00   1121.7262   14.5114   239.5011   13.1341
2022-03-12_08:00:00   87718.9018   13.6840   240.0787   13.6283
2022-03-13_03:35:00   980.8041   14.4649   202.7144   13.2875
2022-03-12_20:25:00   342.8675   13.6777   52.4227   13.1572
2022-03-13_02:25:00   256.8740   13.6672   16.0840   13.2736
2022-03-12_13:25:00   868.9166   13.9611   220.7000   13.3595
2022-03-12_18:00:00   515.1897   13.5519   47.3304   13.1829
2022-03-12_22:45:00   268.8522   13.8813   39.5236   13.3618
2022-03-12_07:55:00   77765.5446   13.8845   592.8894   13.6283
2022-03-12_10:35:00   1525.0217   14.0805   609.6743   14.1820
2022-03-13_04:45:00   1571.0413   14.3139   292.5169   13.1341
2022-03-12_20:05:00   257.2260   14.1636   40.9932   13.1595
2022-03-12_05:45:00   26172.9479   14.7816   167.8430   13.4612
2022-03-12_23:25:00   317.0439   13.6964   45.3739   13.3687
2022-03-13_04:55:00   1193.9201   14.3139   235.8732   13.1177
2022-03-12_11:25:00   1530.8928   14.0739   426.1994   13.5642
2022-03-12_09:50:00   722.8448   14.1507   102.8038   14.4012
2022-03-13_00:50:00   232.6411   13.3466   24.1705   13.2155
2022-03-12_09:35:00   2488.3569   14.2799   711.0387   13.3917
2022-03-13_00:25:00   247.2356   13.5310   33.8008   13.3917
2022-03-13_02:15:00   244.2482   13.4619   27.3627   13.2736
2022-03-12_06:05:00   19097.7333   14.8662   93.3212   13.4491
2022-03-12_20:20:00   197.3609   13.8996   53.4946   13.1572
2022-03-12_07:50:00   28271.0049   13.8433   20694.4259   13.6388
2022-03-12_05:00:00   120.1545   14.6498   363.4682   13.6621
2022-03-12_06:00:00   22408.1284   14.7816   300.2783   13.4612
2022-03-12_11:40:00   890.0474   14.1585   255.7976   13.5642
2022-03-12_12:50:00   1088.2726   13.9925   332.7085   13.3572
2022-03-12_20:10:00   232.5748   13.9991   28.3647   13.1595
2022-03-12_04:45:00   1625.8555   14.1410   247.2460   13.8888
2022-03-12_09:55:00   503.4556   14.1218   212.8086   14.3948
2022-03-12_09:15:00   7127.6292   14.4172   3336.2005   14.2065
2022-03-12_10:40:00   2151.3250   14.0573   1019.2309   14.1776
2022-03-12_05:05:00   1811.2450   14.9696   357.0148   13.6621
2022-03-12_23:15:00   216.5899   14.5354   48.9457   13.3687
2022-03-12_07:15:00   2649.5596   14.5171   1805.0804   13.6501
2022-03-12_09:35:00   2488.3569   14.2799   711.0387   13.3917
2022-03-12_06:15:00   20453.8901   14.8662   103.3598   13.4491
2022-03-12_10:15:00   469.0895   14.1398   210.7005   14.1928
2022-03-12_19:35:00   268.7847   13.9356   55.2033   13.1627
2022-03-12_13:05:00   1023.4916   13.8334   190.7284   13.3580
2022-03-12_11:05:00   4463.3531   14.0768   1348.6973   13.3649
2022-03-12_08:55:00   606648.5359   14.2177   522.0880   13.3994
2022-03-12_19:10:00   315.4489   13.7402   62.9952   13.1665
2022-03-12_08:05:00   914440.1445   14.4866   435.1727   13.6283
2022-03-12_12:25:00   636.1257   14.5557   178.3089   13.3580
2022-03-12_17:10:00   618.8626   13.4295   104.8463   13.1829
