2024 131   0  0    -3.36     2.20    -4.07   -415.1    -28.5    -26.8    5.88     76754     6.0 0 0   0.2551    1.98   0.0300   0.0500     0.0
2024 131   1  0    -1.86    -2.03    -2.40   -410.1    -25.1    -37.4    5.69     92506    -1.0 0 0   0.2185    1.88  -0.0275   0.3488   -19.1
2024 131   2  0    -2.33     5.46     2.53   -428.4    -37.8    -29.3    7.26     68254    -4.0 0 0   0.1879    2.61   0.0475   0.2037   -25.3
2024 131   3  0    -1.86    -2.03    -4.14   -425.5    -11.6    -11.8   10.35     27245     0.0 0 0   0.1654    3.64   0.0014   0.4704   -24.1
2024 131   4  0    -0.83    -0.31    -2.12   -426.1    -10.5    -12.8   13.27     56778    10.0 0 0   0.1523    4.67  -0.0000   0.1677   -20.0
2024 131   5  0    -0.02    -0.38    -1.00   -422.2    -20.5    -23.8   10.66     64693     0.0 0 0   0.1495    3.70  -0.0009   0.1341   -25.5
2024 131   6  0    -0.21    -0.96    -1.64   -405.6     10.4    -21.7    9.99     51312    -7.0 0 0   0.1572    3.19  -0.0003   0.2871   -28.1
2024 131   7  0     1.18    -1.27    -1.62   -411.0    -14.2    -23.8   10.02     50059     9.0 0 0   0.1749    3.29  -0.0034   0.2875   -17.7
2024 131   8  0     2.02    -1.02     0.44   -407.0      6.5    -14.4    9.26     57549     2.0 0 0   0.2015    2.98  -0.0109   0.0645   -20.1
2024 131   9  0     1.00    -1.87    -0.68   -424.5    -27.8    -35.8    8.02     67088     1.0 0 0   0.2353    2.83  -0.0332   0.2522   -20.2
2024 131  10  0    -1.42    -1.74    -3.13   -436.0      0.6     -0.5    3.63    145592     2.0 0 0   0.2743    1.34  -0.0004   0.4252   -13.7
2024 131  11  0    -2.05    -1.93    -3.09   -435.5      0.6     -0.5    3.56    157710    -5.0 0 0   0.3158    1.31  -0.0006   0.4513   -18.7
2024 131  12  0    -2.53    -1.21    -2.81   -456.1      0.7     -0.5    7.03    372841    -9.0 0 0   0.3574    2.83  -0.0001   0.3410   -25.0
2024 131  13  0    -3.22    -0.64    -1.89   -450.6      0.7     -0.5    6.67    186993    -8.0 0 0   0.3960    2.62  -0.0014   0.2461   -26.1
2024 131  14  0    -2.08     1.54    -1.23   -457.4      1.3      4.4   14.89     70084     3.0 0 0   0.4291    6.03   0.0080   0.2896   -27.7
2024 131  15  0    -2.20     1.34     0.72   -451.4      0.8      6.4   14.80     72057    16.0 0 0   0.4540    5.84   0.0166   0.0771   -21.2
2024 131  16  0    -1.71     2.17     1.96   -457.8     -2.3      8.3   14.28     78527    14.0 0 0   0.4688    5.80   0.0128   0.0620   -20.6
2024 131  17  0    -5.63     2.57    -9.44   -661.5    124.8     55.6   67.08    336951    15.0 0 0   0.4722   59.28   0.8642   1.6255   -66.3
2024 131  18  0   -11.28   -15.22   -26.25   -704.9    113.8    -33.7   38.79    368674    -7.0 0 0   0.4641   38.39  -0.3036   2.9492   -86.9
2024 131  19  0     4.44   -38.22    -0.47   -694.5     -5.1     28.5   31.04    847943  -137.0 0 0   0.4451   29.05  -6.4581   2.6993  -180.7
2024 131  20  0   -18.50    13.56   -27.37   -680.6     74.3     21.6   63.81    249218  -132.0 0 0   0.4168   57.99   0.0577   2.8523  -199.8
2024 131  21  0   -18.35     0.35   -38.53   -687.8     36.5      4.0   38.21    177161  -199.0 0 0   0.3813   35.11   0.0036   2.7270  -205.3
2024 131  22  0    -9.05   -55.56   -31.57   -762.6    -37.0     35.8   83.66    164866  -294.0 0 0   0.3415   94.67  -3.5381   6.1884  -299.2
2024 131  23  0    -6.25    71.39     0.04   -735.2     19.1     15.9   31.53     63883  -305.0 0 0   0.2999   33.05  15.3390   4.4994  -321.9
2024 132   0  0    -9.78    40.59   -27.60   -753.2     44.8    -10.2   27.10    521405  -320.0 0 0   0.2595   29.89   1.8910   5.6564  -331.8
2024 132   1  0   -19.07   -12.72   -36.44   -716.9     78.7     -8.8   34.84    296146  -334.0 0 0   0.2229   35.11  -0.3347   3.8493  -336.2
2024 132   2  0     0.05    12.87   -26.92   -735.6     46.1     24.1   35.78    140989  -437.0 0 0   0.1924   37.69   0.0118   3.2889  -432.7
2024 132   3  0    -9.69   -17.54   -29.39   -692.5    -39.0     23.9   12.05    424712  -385.0 0 0   0.1699   11.24  -0.0205   3.6984  -349.2
2024 132   4  0   -13.19   -32.09   -16.18   -698.4    -28.9     88.7   15.41    320988  -392.0 0 0   0.1568   14.82  -2.1096   3.8921  -364.2
2024 132   5  0   -10.55   -36.51     3.35   -691.8    -10.6    110.4   21.80    160574  -400.0 0 0   0.1540   20.73  -5.3954   2.4115  -379.5
2024 132   6  0   -16.21    -8.98   -22.07   -692.7      1.2     24.2   32.94    431473  -311.0 0 0   0.1617   30.65  -0.0273   2.1367  -319.9
2024 132   7  0     0.05    30.88   -27.90   -706.4    -35.2     11.6   28.90    245714  -368.0 0 0   0.1794   28.01   0.8919   4.5649  -341.7
2024 132   8  0    -0.04    20.39   -20.19   -720.9    -14.8    -16.9   14.34    294729  -401.0 0 0   0.2059   14.45   0.8590   3.4729  -377.6
2024 132   9  0    -9.51     9.35   -36.04   -448.6      1.1     -0.8    0.37     19782  -362.0 0 0   0.2398    0.14   0.0039   2.5959  -309.1
2024 132  10  0     3.88     3.39    -0.44   -690.6     -3.5     22.3   24.63    191742  -307.0 0 0   0.2787   22.78   0.3114   0.8831  -302.4
2024 132  11  0    -2.90    -0.32     7.40   -781.6    -35.1    -48.3   23.78    205204  -319.0 0 0   0.3203   28.30   0.3810   0.6407  -339.2
2024 132  12  0    -1.84    16.25   -19.43   -795.2    -25.3    -23.0   15.99    190977  -274.0 0 0   0.3618   19.62   0.2074   3.9269  -280.3
2024 132  13  0   -11.77     7.23   -23.27   -779.6    -65.0    -11.4   17.35    256988  -289.0 0 0   0.4004   20.57   0.0008   2.5812  -288.3
2024 132  14  0    -8.06    11.52   -19.72   -471.5      1.3     -0.9    2.30    161795  -307.0 0 0   0.4335    0.99   0.0058   2.5129  -258.2
2024 132  15  0   -11.00    -0.54    -8.47   -474.1      1.3     -0.9    2.52    181234  -274.0 0 0   0.4584    1.10  -0.0006   0.6383  -238.2
2024 132  16  0    -8.34    -7.56    -6.14   -482.8      1.4     -1.0    6.00    431649  -286.0 0 0   0.4732    2.71  -0.0155   1.0335  -247.4
2024 132  17  0    -6.15    -7.53    -3.86   -466.3      1.4     -0.9    2.30    161356  -281.0 0 0   0.4767    0.97  -0.0481   0.9245  -237.4
2024 132  18  0     2.92    10.59     3.71   -495.4      1.1     -1.4    2.04    114112  -227.0 0 0   0.4685    0.97   0.1104   0.4484  -196.5
2024 132  19  0    -1.84     0.51    -3.05   -495.9      1.5     -1.0    1.88    100333  -192.0 0 0   0.4495    0.90   0.0076   0.5720  -167.1
2024 132  20  0     2.63     2.37     3.68   -472.6      1.5     -1.0    2.64    211087  -228.0 0 0   0.4211    1.14  -0.0025   0.3218  -190.8
2024 132  21  0    -1.79    -0.45     1.78   -470.9      1.5     -1.0    2.76    213808  -180.0 0 0   0.3857    1.19  -0.0000   0.2646  -149.4
2024 132  22  0    -2.74     1.53     7.59   -471.5      1.5     -1.0    2.55    212344  -170.0 0 0   0.3458    1.10   0.0123   0.1562  -148.7
2024 132  23  0     6.40     8.05     1.13   -507.8      1.6     -1.1    5.17    362359  -181.0 0 0   0.3043    2.58   0.2188   0.5625  -162.3
