Format:
           1) Time
           2) Maximal reconnection rate at closest pressure dip
           3) Distance from earth
           4) Rate from critical
           5) Distance from critical
2018-08-25_08:15:00   nan   nan   372.4821   13.1665
2018-08-25_12:55:00   nan   nan   1214.9862   12.8726
2018-08-25_08:10:00   nan   nan   198.0815   12.9604
2018-08-25_14:30:00   nan   nan   58.0733   12.9346
2018-08-25_17:05:00   nan   nan   165.6691   13.1879
2018-08-25_11:50:00   nan   nan   800.2332   13.0471
2018-08-25_18:30:00   nan   nan   4988.1314   13.8032
2018-08-25_20:40:00   nan   nan   461.0225   13.7175
2018-08-25_12:05:00   nan   nan   216.9452   13.0597
2018-08-25_12:10:00   nan   nan   44244.6460   13.0731
2018-08-25_09:25:00   nan   nan   637.2793   12.9810
2018-08-25_05:00:00   nan   nan   1186.2525   12.9549
2018-08-25_11:10:00   nan   nan   49376.9453   13.0243
2018-08-25_12:00:00   nan   nan   169.7078   13.0471
2018-08-25_06:55:00   nan   nan   903.7357   12.9572
2018-08-25_01:15:00   nan   nan   172.3336   12.9746
2018-08-25_08:30:00   nan   nan   801.3285   13.1665
2018-08-26_01:15:00   nan   nan   218.5690   13.5755
2018-08-25_17:25:00   nan   nan   228.2188   13.4058
2018-08-25_11:45:00   nan   nan   573.0111   13.0471
2018-08-25_03:00:00   nan   nan   48.0066   13.1572
2018-08-25_16:50:00   nan   nan   232.0449   13.1879
2018-08-25_04:15:00   nan   nan   18.6173   13.1572
2018-08-25_05:25:00   nan   nan   470.8424   12.9533
2018-08-25_04:05:00   nan   nan   17.1578   13.1572
2018-08-25_03:20:00   nan   nan   5.3678   13.3595
2018-08-25_01:45:00   nan   nan   25.1170   12.9644
2018-08-25_04:30:00   nan   nan   146.8279   13.1556
2018-08-25_22:45:00   nan   nan   412.6658   13.8400
2018-08-25_09:30:00   nan   nan   801.4870   12.9810
2018-08-25_19:00:00   nan   nan   770.0973   13.8032
2018-08-25_04:50:00   nan   nan   385.5877   12.9549
2018-08-25_03:15:00   nan   nan   15.2300   13.1572
2018-08-25_05:45:00   nan   nan   346.5189   12.9533
2018-08-25_21:55:00   nan   nan   685.7581   13.6748
2018-08-25_11:15:00   nan   nan   13024.5363   13.0243
2018-08-26_08:45:00   nan   nan   20.9272   13.3787
2018-08-25_17:50:00   nan   nan   690.1653   13.4058
2018-08-25_11:35:00   nan   nan   143.3271   13.0243
2018-08-25_05:30:00   nan   nan   545.6658   12.9533
2018-08-25_11:00:00   nan   nan   12660.3932   13.0141
2018-08-25_08:20:00   nan   nan   493.2720   13.1665
2018-08-25_21:05:00   nan   nan   617.7396   13.7026
2018-08-25_03:30:00   nan   nan   14.5122   13.3580
2018-08-25_16:00:00   nan   nan   3.7359   9.7358
2018-08-25_14:20:00   nan   nan   51.3765   12.9520
2018-08-25_10:30:00   nan   nan   1692.5475   13.0046
2018-08-25_01:20:00   nan   nan   163.2369   12.9691
2018-08-25_15:25:00   nan   nan   21.5798   13.1692
2018-08-25_05:10:00   nan   nan   1172.8342   12.9549
2018-08-25_09:30:00   nan   nan   801.4870   12.9810
2018-08-25_07:40:00   nan   nan   99.3204   12.9572
2018-08-25_15:45:00   nan   nan   36.2719   13.1692
2018-08-25_18:50:00   nan   nan   545.5448   13.6045
2018-08-25_11:15:00   nan   nan   13024.5363   13.0243
2018-08-25_09:00:00   nan   nan   178.8080   12.9746
2018-08-25_10:10:00   nan   nan   544.8645   12.9960
2018-08-25_16:10:00   nan   nan   69.8925   13.1692
2018-08-25_12:25:00   nan   nan   3564.1697   13.0731
2018-08-25_10:45:00   nan   nan   720.0221   13.0141
2018-08-25_03:05:00   nan   nan   21.2901   13.1572
2018-08-25_21:30:00   nan   nan   626.6491   13.6883
2018-08-25_08:40:00   nan   nan   596.5729   13.1665
2018-08-25_11:35:00   nan   nan   143.3271   13.0243
2018-08-26_06:40:00   nan   nan   112.5614   5.6687
2018-08-25_07:30:00   nan   nan   29.7127   12.9604
2018-08-25_09:10:00   nan   nan   306.1250   12.9746
2018-08-25_05:15:00   nan   nan   340.1413   12.9533
2018-08-25_04:10:00   nan   nan   26.4837   13.1572
2018-08-25_06:40:00   nan   nan   1046.3953   12.9572
2018-08-26_02:05:00   nan   nan   125.2702   13.3649
2018-08-25_02:50:00   nan   nan   91.7925   12.9549
2018-08-25_01:40:00   nan   nan   33.9339   12.9644
2018-08-25_16:55:00   nan   nan   174.3769   13.1879
2018-08-25_08:50:00   nan   nan   271.2410   13.1712
2018-08-25_09:05:00   nan   nan   216.0623   12.9746
2018-08-25_20:15:00   nan   nan   332.7267   13.5334
2018-08-25_06:30:00   nan   nan   275.7377   12.9549
2018-08-25_04:45:00   nan   nan   307.2673   12.9549
2018-08-26_09:35:00   nan   nan   7.3035   13.4078
2018-08-25_01:50:00   nan   nan   21.0609   12.9644
2018-08-25_19:45:00   nan   nan   293.6707   13.7668
2018-08-25_04:10:00   nan   nan   26.4837   13.1572
2018-08-25_13:20:00   nan   nan   1116.6697   12.8726
2018-08-25_03:30:00   nan   nan   14.5122   13.3580
2018-08-26_01:40:00   nan   nan   103.3564   13.5710
2018-08-25_11:05:00   nan   nan   1112.3064   13.0141
2018-08-26_11:40:00   nan   nan   9.6053   10.2731
2018-08-25_12:10:00   nan   nan   44244.6460   13.0731
2018-08-25_08:50:00   nan   nan   271.2410   13.1712
2018-08-26_05:00:00   nan   nan   24.8797   6.0716
2018-08-25_10:05:00   nan   nan   501.7454   12.9960
2018-08-25_17:20:00   nan   nan   201.8621   13.4058
2018-08-25_16:20:00   nan   nan   74.0202   13.1692
2018-08-26_03:20:00   nan   nan   42.9948   13.3595
2018-08-25_13:55:00   nan   nan   2052.7496   13.1513
2018-08-25_07:25:00   nan   nan   87.4463   12.9572
2018-08-25_05:25:00   nan   nan   470.8424   12.9533
2018-08-25_05:15:00   nan   nan   340.1413   12.9533
2018-08-25_19:30:00   nan   nan   329.2099   13.5675
2018-08-25_12:40:00   nan   nan   368.3591   12.8726
2018-08-25_02:20:00   nan   nan   10.0187   13.1627
2018-08-26_04:35:00   nan   nan   53.9340   13.1556
2018-08-25_09:20:00   nan   nan   347.4218   12.9746
2018-08-25_14:45:00   nan   nan   43.5853   12.9520
2018-08-25_03:45:00   nan   nan   6.8351   13.1572
2018-08-25_10:15:00   nan   nan   749.6301   12.9960
2018-08-25_16:45:00   nan   nan   146.1865   13.4058
2018-08-26_04:10:00   nan   nan   47.6138   13.1556
2018-08-25_07:35:00   nan   nan   79.8227   12.9572
2018-08-25_15:00:00   nan   nan   18.7571   13.1692
2018-08-25_11:40:00   nan   nan   5591.9489   13.0353
2018-08-26_08:20:00   nan   nan   17.7420   6.2838
2018-08-25_18:45:00   nan   nan   745.3690   13.5856
2018-08-25_08:25:00   nan   nan   946.3570   13.1665
2018-08-25_11:20:00   nan   nan   604.3445   13.0243
2018-08-25_13:10:00   nan   nan   3487.0045   12.8726
2018-08-25_03:35:00   nan   nan   16.7178   13.1556
2018-08-25_09:50:00   nan   nan   1778.1644   12.9881
2018-08-26_00:00:00   nan   nan   316.7152   13.6011
2018-08-25_06:45:00   nan   nan   1437.0207   12.9572
2018-08-25_05:40:00   nan   nan   621.8366   12.9549
2018-08-25_18:40:00   nan   nan   2328.3367   13.8032
2018-08-25_08:45:00   nan   nan   258.8207   13.1712
2018-08-25_18:10:00   nan   nan   2004.6703   13.6045
2018-08-25_13:30:00   nan   nan   826.6036   13.0872
2018-08-25_12:45:00   nan   nan   731.1273   12.8726
2018-08-25_02:25:00   nan   nan   47.9046   13.1595
2018-08-25_17:45:00   nan   nan   1580.3757   13.4058
2018-08-25_16:40:00   nan   nan   167.1165   13.4058
2018-08-25_12:55:00   nan   nan   1214.9862   12.8726
2018-08-25_16:30:00   nan   nan   149.0042   13.1879
2018-08-25_12:45:00   nan   nan   731.1273   12.8726
2018-08-25_12:15:00   nan   nan   41117.1973   13.0731
2018-08-25_13:15:00   nan   nan   265.4496   12.8590
2018-08-25_17:55:00   nan   nan   11324.5693   13.5856
2018-08-25_04:25:00   nan   nan   79.4201   13.1556
2018-08-25_08:10:00   nan   nan   198.0815   12.9604
2018-08-25_08:45:00   nan   nan   258.8207   13.1712
2018-08-26_07:30:00   nan   nan   49.7933   5.8745
2018-08-25_10:00:00   nan   nan   475.1094   12.9881
2018-08-25_15:15:00   nan   nan   16.0282   13.1692
2018-08-25_07:45:00   nan   nan   90.0662   12.9604
2018-08-25_09:20:00   nan   nan   347.4218   12.9746
2018-08-25_10:20:00   nan   nan   561.6707   12.9960
2018-08-25_11:00:00   nan   nan   12660.3932   13.0141
2018-08-25_18:00:00   nan   nan   197.7316   13.3867
2018-08-25_08:20:00   nan   nan   493.2720   13.1665
2018-08-25_03:25:00   nan   nan   10.4371   13.1556
2018-08-25_09:45:00   nan   nan   1192.4906   12.9881
2018-08-25_15:20:00   nan   nan   31.1205   12.9520
2018-08-25_14:50:00   nan   nan   47.7745   12.9520
2018-08-25_04:35:00   nan   nan   159.8013   13.1556
2018-08-25_10:35:00   nan   nan   623.5524   13.0046
2018-08-25_12:30:00   nan   nan   1365.7165   13.0731
2018-08-25_19:20:00   nan   nan   379.7996   13.7846
2018-08-25_03:40:00   nan   nan   10.4585   13.1572
2018-08-25_05:50:00   nan   nan   676.2590   12.9549
2018-08-25_07:40:00   nan   nan   99.3204   12.9572
2018-08-25_15:50:00   nan   nan   26.8214   13.1879
2018-08-25_17:00:00   nan   nan   163.3270   13.4058
2018-08-25_00:30:00   nan   nan   70.7525   12.9810
2018-08-25_14:10:00   nan   nan   56.7886   13.1692
2018-08-25_23:10:00   nan   nan   101.7650   13.8296
2018-08-25_03:25:00   nan   nan   10.4371   13.1556
2018-08-25_05:55:00   nan   nan   782.8375   12.9549
2018-08-25_12:50:00   nan   nan   320.1150   12.8590
2018-08-25_11:30:00   nan   nan   508.2056   13.2256
2018-08-25_07:05:00   nan   nan   317.6418   12.9572
2018-08-25_04:00:00   nan   nan   26.7198   13.1556
2018-08-25_08:40:00   nan   nan   596.5729   13.1665
2018-08-25_18:55:00   nan   nan   417.8366   13.6045
2018-08-25_11:05:00   nan   nan   1112.3064   13.0141
2018-08-25_05:20:00   nan   nan   793.3414   12.9549
2018-08-25_13:20:00   nan   nan   1116.6697   12.8726
2018-08-25_09:40:00   nan   nan   968.0555   12.9881
2018-08-25_10:30:00   nan   nan   1692.5475   13.0046
2018-08-25_07:00:00   nan   nan   671.6375   12.9572
2018-08-25_01:10:00   nan   nan   336.3987   12.9746
2018-08-25_14:35:00   nan   nan   51.6448   12.9520
2018-08-25_11:10:00   nan   nan   49376.9453   13.0243
2018-08-26_10:50:00   nan   nan   5.5048   14.0763
2018-08-25_07:00:00   nan   nan   671.6375   12.9572
2018-08-25_08:05:00   nan   nan   194.6011   12.9604
2018-08-25_05:20:00   nan   nan   793.3414   12.9549
2018-08-25_18:25:00   nan   nan   2062.3351   13.6045
2018-08-25_15:30:00   nan   nan   16.8996   13.1879
2018-08-25_03:35:00   nan   nan   16.7178   13.1556
2018-08-25_22:20:00   nan   nan   1120.4245   13.6501
2018-08-25_04:35:00   nan   nan   159.8013   13.1556
2018-08-25_00:45:00   nan   nan   102.0108   12.9746
2018-08-25_17:40:00   nan   nan   1925.5654   13.4058
2018-08-25_19:15:00   nan   nan   754.0124   13.7846
2018-08-25_06:00:00   nan   nan   691.1297   12.9549
2018-08-25_11:45:00   nan   nan   573.0111   13.0471
2018-08-25_16:35:00   nan   nan   152.8419   13.1879
2018-08-25_14:25:00   nan   nan   60.3374   12.9346
2018-08-26_03:45:00   nan   nan   38.8149   13.3580
2018-08-25_10:55:00   nan   nan   9639.6824   13.0141
2018-08-25_14:00:00   nan   nan   1485.3882   13.1513
2018-08-25_18:15:00   nan   nan   4295.1327   13.6045
2018-08-26_02:30:00   nan   nan   64.9233   13.5642
2018-08-25_14:40:00   nan   nan   50.1884   12.9520
2018-08-26_05:25:00   nan   nan   35.9455   5.8693
2018-08-25_07:05:00   nan   nan   317.6418   12.9572
2018-08-25_13:00:00   nan   nan   434.7841   12.8726
2018-08-26_05:50:00   nan   nan   74.1445   5.8693
2018-08-25_12:15:00   nan   nan   41117.1973   13.0731
2018-08-25_04:00:00   nan   nan   26.7198   13.1556
2018-08-25_17:15:00   nan   nan   210.2989   13.3867
2018-08-25_07:10:00   nan   nan   176.0324   12.9572
2018-08-25_15:05:00   nan   nan   30.0654   12.9702
2018-08-25_16:15:00   nan   nan   66.9516   13.1692
2018-08-25_04:40:00   nan   nan   216.5657   13.1556
2018-08-25_03:55:00   nan   nan   7.0517   13.1572
2018-08-25_02:30:00   nan   nan   37.4408   13.1595
2018-08-25_02:55:00   nan   nan   66.2070   13.1572
2018-08-25_13:40:00   nan   nan   1068.0435   13.1341
2018-08-25_08:35:00   nan   nan   492.2707   13.1665
2018-08-25_13:35:00   nan   nan   2831.2889   13.1177
2018-08-25_19:50:00   nan   nan   355.1624   13.7668
2018-08-25_16:05:00   nan   nan   3.7896   9.5382
2018-08-26_07:05:00   nan   nan   72.9490   5.6687
2018-08-25_10:25:00   nan   nan   438.4890   12.9960
2018-08-25_18:05:00   nan   nan   607.2485   13.6045
2018-08-25_06:55:00   nan   nan   903.7357   12.9572
2018-08-25_19:25:00   nan   nan   432.9218   13.8032
2018-08-25_19:05:00   nan   nan   300.1761   13.5856
2018-08-25_08:55:00   nan   nan   221.0764   12.9691
2018-08-25_06:25:00   nan   nan   310.3519   12.9549
2018-08-25_16:25:00   nan   nan   103.8453   13.1879
2018-08-25_17:35:00   nan   nan   809.4850   13.3867
2018-08-25_03:10:00   nan   nan   20.7471   13.1572
2018-08-25_02:15:00   nan   nan   23.0842   13.1627
2018-08-25_07:45:00   nan   nan   90.0662   12.9604
2018-08-25_09:55:00   nan   nan   974.7029   12.9881
2018-08-25_00:35:00   nan   nan   65.4974   12.9810
2018-08-25_01:55:00   nan   nan   7.1646   13.1665
2018-08-25_10:40:00   nan   nan   28310.1738   13.0141
2018-08-25_17:30:00   nan   nan   265.8231   13.4058
2018-08-25_13:45:00   nan   nan   14551.7725   13.1341
2018-08-25_06:10:00   nan   nan   380.8995   12.9549
2018-08-25_07:20:00   nan   nan   88.7310   12.9572
2018-08-25_15:35:00   nan   nan   4.5739   9.7358
2018-08-26_09:10:00   nan   nan   14.6064   9.9457
2018-08-25_15:10:00   nan   nan   24.4308   12.9702
2018-08-25_07:10:00   nan   nan   176.0324   12.9572
2018-08-25_19:40:00   nan   nan   2.0760   9.7147
2018-08-25_04:55:00   nan   nan   724.0930   12.9549
2018-08-26_02:55:00   nan   nan   51.1017   13.5642
2018-08-25_12:20:00   nan   nan   25413.1721   13.0731
2018-08-25_04:20:00   nan   nan   55.2379   13.1556
2018-08-25_11:55:00   nan   nan   65.6046   13.0471
2018-08-25_19:10:00   nan   nan   288.9648   13.5675
2018-08-26_11:15:00   nan   nan   10.4819   10.0401
2018-08-25_09:15:00   nan   nan   325.2543   12.9746
2018-08-25_04:50:00   nan   nan   385.5877   12.9549
2018-08-25_06:35:00   nan   nan   585.4815   12.9572
2018-08-25_07:30:00   nan   nan   29.7127   12.9604
2018-08-25_14:15:00   nan   nan   61.1048   12.9520
2018-08-25_04:40:00   nan   nan   216.5657   13.1556
2018-08-25_18:20:00   nan   nan   1871.5569   13.6045
2018-08-25_13:35:00   nan   nan   2831.2889   13.1177
2018-08-25_13:00:00   nan   nan   434.7841   12.8726
2018-08-25_15:40:00   nan   nan   38.4356   13.1692
2018-08-25_04:15:00   nan   nan   18.6173   13.1572
2018-08-25_10:00:00   nan   nan   475.1094   12.9881
2018-08-25_18:35:00   nan   nan   3063.8795   13.8032
2018-08-25_15:55:00   nan   nan   26.2229   13.1879
2018-08-26_12:05:00   nan   nan   9.8464   9.8746
2018-08-25_23:35:00   nan   nan   244.7778   13.6094
2018-08-25_06:20:00   nan   nan   329.5152   12.9549
2018-08-25_14:05:00   nan   nan   372.9950   13.1513
2018-08-25_06:35:00   nan   nan   585.4815   12.9572
2018-08-26_07:55:00   nan   nan   46.4730   5.8797
2018-08-25_13:30:00   nan   nan   826.6036   13.0872
2018-08-25_12:20:00   nan   nan   25413.1721   13.0731
2018-08-25_05:10:00   nan   nan   1172.8342   12.9549
2018-08-25_13:50:00   nan   nan   53.5525   13.1513
2018-08-25_06:20:00   nan   nan   329.5152   12.9549
2018-08-25_13:05:00   nan   nan   398.0725   12.8726
2018-08-25_10:50:00   nan   nan   2848.1946   13.0141
2018-08-25_10:25:00   nan   nan   438.4890   12.9960
2018-08-25_03:40:00   nan   nan   10.4585   13.1572
2018-08-25_12:35:00   nan   nan   906.8741   13.0731
2018-08-26_06:15:00   nan   nan   86.6383   5.6687
2018-08-25_08:15:00   nan   nan   372.4821   13.1665
2018-08-26_10:00:00   nan   nan   10.4320   13.4170
2018-08-25_01:05:00   nan   nan   502.7197   12.9746
2018-08-25_06:25:00   nan   nan   310.3519   12.9549
2018-08-25_03:50:00   nan   nan   19.4175   13.1556
2018-08-25_06:30:00   nan   nan   275.7377   12.9549
2018-08-25_05:35:00   nan   nan   431.4914   12.9533
2018-08-25_11:50:00   nan   nan   800.2332   13.0471
2018-08-25_09:25:00   nan   nan   637.2793   12.9810
2018-08-25_13:25:00   nan   nan   23.9824   12.8590
2018-08-25_05:55:00   nan   nan   782.8375   12.9549
2018-08-25_04:05:00   nan   nan   17.1578   13.1572
2018-08-26_10:25:00   nan   nan   6.1759   13.6388
2018-08-26_00:25:00   nan   nan   192.9295   13.5868
2018-08-25_07:35:00   nan   nan   79.8227   12.9572
2018-08-25_10:05:00   nan   nan   501.7454   12.9960
2018-08-25_06:50:00   nan   nan   1697.1651   12.9572
2018-08-25_00:40:00   nan   nan   91.5733   12.9746
2018-08-25_14:55:00   nan   nan   37.3394   12.9520
2018-08-25_08:00:00   nan   nan   191.2814   12.9604
2018-08-25_13:25:00   nan   nan   23.9824   12.8590
2018-08-25_07:55:00   nan   nan   115.4184   12.9604
2018-08-25_05:50:00   nan   nan   676.2590   12.9549
2018-08-25_10:35:00   nan   nan   623.5524   13.0046
2018-08-25_05:45:00   nan   nan   346.5189   12.9533
2018-08-25_11:25:00   nan   nan   998.2285   13.2256
2018-08-25_09:50:00   nan   nan   1778.1644   12.9881
2018-08-26_00:50:00   nan   nan   289.3014   13.5808
2018-08-25_09:35:00   nan   nan   648.7852   12.9810
2018-08-25_06:05:00   nan   nan   520.7956   12.9549
2018-08-25_07:50:00   nan   nan   118.3185   12.9604
2018-08-25_06:00:00   nan   nan   691.1297   12.9549
2018-08-25_11:40:00   nan   nan   5591.9489   13.0353
2018-08-25_12:50:00   nan   nan   320.1150   12.8590
2018-08-25_04:45:00   nan   nan   307.2673   12.9549
2018-08-25_09:55:00   nan   nan   974.7029   12.9881
2018-08-25_09:15:00   nan   nan   325.2543   12.9746
2018-08-25_10:40:00   nan   nan   28310.1738   13.0141
2018-08-25_05:05:00   nan   nan   1620.3175   12.9549
2018-08-25_07:15:00   nan   nan   123.2465   12.9572
2018-08-25_06:15:00   nan   nan   360.2190   12.9549
2018-08-25_19:35:00   nan   nan   446.0048   13.7668
2018-08-25_08:55:00   nan   nan   221.0764   12.9691
2018-08-25_08:05:00   nan   nan   194.6011   12.9604
2018-08-25_12:25:00   nan   nan   3564.1697   13.0731
2018-08-25_17:10:00   nan   nan   137.8487   13.4058
