# Radius of the maximum first term in the reconnection rate during the 2018/10/10 - 2018/10/11 storm
7.046838339994693889e+00
7.022786005816906929e+00
7.017673397604635710e+00
7.040223412991994500e+00
7.036216631620084705e+00
6.997551988136991419e+00
6.952770723875854486e+00
6.916966672185182574e+00
8.202285460678693241e+00
8.196657481966811432e+00
8.196657481966811432e+00
8.196657481966811432e+00
8.196657481966811432e+00
8.196657481966811432e+00
8.186329471956392823e+00
8.191338618219619505e+00
8.191338618219619505e+00
8.196657481966811432e+00
8.196657481966811432e+00
8.191338618219619505e+00
8.191338618219619505e+00
8.191338618219619505e+00
8.181630612044257234e+00
8.186329471956392823e+00
8.173165856586532385e+00
8.169400927735528839e+00
8.157467189493607052e+00
8.366914291682494564e+00
8.366914291682494564e+00
8.153380584950447485e+00
8.155266964584281908e+00
8.157467189493607052e+00
8.155266964584281908e+00
8.157467189493607052e+00
8.162808123802197002e+00
8.165948218078080245e+00
8.165948218078080245e+00
8.366914291682494564e+00
8.366914291682494564e+00
8.239870458240764250e+00
8.181630612044257234e+00
8.186329471956392823e+00
8.191338618219619505e+00
8.191338618219619505e+00
8.191338618219619505e+00
8.276192906774799241e+00
8.298466161723125012e+00
8.366914291682494564e+00
8.366914291682494564e+00
8.366914291682494564e+00
5.344990100680242939e+00
5.301953362078275944e+00
5.301953362078275944e+00
5.301953362078275944e+00
5.301953362078275944e+00
7.177410193575854080e+00
5.344990100680242939e+00
7.177767373653086480e+00
7.231065124268106992e+00
7.277630383454656737e+00
7.323545144870254653e+00
7.434880981916892395e+00
7.442118667916044039e+00
5.388152929339070418e+00
7.383419357443231412e+00
7.374386038080168682e+00
7.322494884850125452e+00
7.421420838452428725e+00
7.564812196975808867e+00
7.736378216946264708e+00
7.717466362739040520e+00
7.725434891472451326e+00
7.616486935630608635e+00
7.628930883657355722e+00
7.574400934286569687e+00
7.580829097040241216e+00
7.562545278753462163e+00
7.562545278753462163e+00
7.692294716051461201e+00
8.250279015100701940e+00
8.258354303143375930e+00
8.333756497143975039e+00
7.713707171334963419e+00
7.657776531264492093e+00
7.650072652193962597e+00
8.236392623544386282e+00
8.236392623544386282e+00
8.236392623544386282e+00
8.236392623544386282e+00
8.189076810139139795e+00
8.141796954382957807e+00
8.141796954382957807e+00
8.094553686355988376e+00
8.094553686355988376e+00
8.047347650440970668e+00
7.940791053839006075e+00
7.940791053839006075e+00
7.940791053839006075e+00
7.940791053839006075e+00
7.940791053839006075e+00
7.940791053839006075e+00
7.893627598199975282e+00
7.846503287978523034e+00
7.740129476451390822e+00
7.705372408974835885e+00
7.599021842981967367e+00
7.552070491227091509e+00
7.505162725062509033e+00
7.492855378699804447e+00
7.458299366861801616e+00
7.411481259009789824e+00
7.399018086820454698e+00
7.316513079110748663e+00
7.281106954213695914e+00
6.918216138119431591e+00
6.954027624774074212e+00
6.907090055209348378e+00
6.907090055209348378e+00
6.734328835604219243e+00
6.591995623564079310e+00
6.546329508535785102e+00
6.688120530900582672e+00
6.824638412078272154e+00
6.896317779165904938e+00
7.017421436759758713e+00
6.970184378051188290e+00
6.922990683066170270e+00
6.838865994494221390e+00
6.802438815095498192e+00
6.802438815095498192e+00
6.828736979704343568e+00
6.925906745847200341e+00
6.908436735266618278e+00
6.547114565904077033e+00
6.814139737511043293e+00
6.626505480772737045e+00
6.615276318278700884e+00
6.777925313312430866e+00
6.840050425190217886e+00
6.987939340776409658e+00
6.701523308620128461e+00
6.701523308620128461e+00
6.577590220901473828e+00
6.637728953392742604e+00
6.637728953392742604e+00
6.683528118231223836e+00
6.637728953392742604e+00
6.637728953392742604e+00
6.637728953392742604e+00
6.637728953392742604e+00
6.637728953392742604e+00
7.922128796511851867e+00
8.001729910014763192e+00
8.153981817436296353e+00
4.643396133264277914e+00
4.625429726000443331e+00
7.793706195439531470e+00
7.789099620160377491e+00
7.837538196153516878e+00
7.837538196153516878e+00
7.833284687252690226e+00
7.874288180327776665e+00
7.874288180327776665e+00
7.825753584965999821e+00
7.825753584965999821e+00
7.822476931144429990e+00
7.822476931144429990e+00
7.822476931144429990e+00
7.777241611858630499e+00
7.819526768762767865e+00
7.819526768762767865e+00
7.773944510665354635e+00
7.822476931144429990e+00
7.777241611858630499e+00
7.822476931144429990e+00
7.871031731134635834e+00
7.825753584965999821e+00
8.124373541169827462e+00
8.083068744869795097e+00
8.146117780469305458e+00
8.049832477063350922e+00
8.049832477063350922e+00
7.905607384223116263e+00
7.817800945494827403e+00
7.674163354461527753e+00
7.522296058416324982e+00
7.379081595530952775e+00
7.331412354353497030e+00
6.500732024812553078e+00
7.141098352663148852e+00
6.455204626762765407e+00
6.409748807807842397e+00
6.409748807807842397e+00
6.409748807807842397e+00
6.409748807807842397e+00
6.500732024812553078e+00
5.760342687003820572e+00
5.681284230478547137e+00
5.726775473205305111e+00
6.096843824165559589e+00
5.681284230478547137e+00
5.603375133802587449e+00
5.585387271458279734e+00
5.528256068805780465e+00
5.480750135903791787e+00
5.544925695250124242e+00
5.554025342046872815e+00
5.518368325494767745e+00
5.518368325494767745e+00
5.436459958024066452e+00
5.512001155856461665e+00
5.501152223746827552e+00
5.525143466017745197e+00
5.540562834458383712e+00
5.558240310536399775e+00
5.590549718410272817e+00
5.645976850800675351e+00
7.707277745938551305e+00
5.716560530193697254e+00
7.514355431769645932e+00
8.283743778440573635e+00
5.965882002348953606e+00
8.169400927735528839e+00
8.084515763112248621e+00
7.911965041946167787e+00
7.949011930419624505e+00
8.150550196898219468e+00
7.949011930419624505e+00
8.390474556819521368e+00
8.390474556819521368e+00
8.296901955213185076e+00
8.249319452287268817e+00
8.286080112712850720e+00
8.180173251917759458e+00
8.150031019689748746e+00
8.112013933757989292e+00
8.122618005502213023e+00
8.026681597056903428e+00
8.066058483783956845e+00
8.009735709661613967e+00
8.009735709661613967e+00
7.953654712628942747e+00
7.842238775298135067e+00
8.275410677725577813e+00
7.738813324993254916e+00
8.303245533760115649e+00
8.313119911545596707e+00
8.313119911545596707e+00
8.323290594290011057e+00
8.355569494497158800e+00
8.378549715480728466e+00
8.378549715480728466e+00
8.378549715480728466e+00
7.873677297824451138e+00
8.106769892221674212e+00
8.165563375845414029e+00
8.355569494497158800e+00
8.378549715480728466e+00
8.378549715480728466e+00
8.378549715480728466e+00
5.914929149181118895e+00
6.255478967757251318e+00
6.261182525372934293e+00
6.301645897650860917e+00
6.093696527063149126e+00
6.227162855966593469e+00
6.218098969880014870e+00
5.781823795375258257e+00
6.126005704226567872e+00
6.255478967757251318e+00
6.313838968673828766e+00
6.234510942563670000e+00
6.183598561610260447e+00
6.409397764586608481e+00
6.408197683779065734e+00
5.959486541185541775e+00
6.093696527063149126e+00
6.004134901896316379e+00
6.093696527063149126e+00
6.183598561610260447e+00
6.228672628340656381e+00
6.228672628340656381e+00
6.592727713576231885e+00
6.992054281482504408e+00
7.040286761790361503e+00
7.156452116378415163e+00
7.150067850601971919e+00
7.281106954213695914e+00
7.544003528692966754e+00
6.918216138119431591e+00
6.813359520284392623e+00
8.000179505715795614e+00
8.165948218078080245e+00
8.068644616811630144e+00
8.047347650440970668e+00
8.378549715480728466e+00
8.366914291682494564e+00
8.366914291682494564e+00
8.366914291682494564e+00
8.366914291682494564e+00
8.366914291682494564e+00
8.366914291682494564e+00
8.366914291682494564e+00
8.366914291682494564e+00
8.366914291682494564e+00
8.414433526662001839e+00
8.414433526662001839e+00
8.414433526662001839e+00
8.426003331653443951e+00
7.712930426976900122e+00
7.664695229464738802e+00
8.414433526662001839e+00
8.414433526662001839e+00
8.414433526662001839e+00
8.414433526662001839e+00
8.414433526662001839e+00
8.414433526662001839e+00
8.414433526662001839e+00
8.414433526662001839e+00
8.414433526662001839e+00
8.414433526662001839e+00
8.414433526662001839e+00
8.414433526662001839e+00
8.414433526662001839e+00
8.414433526662001839e+00
8.378549715480728466e+00
8.378549715480728466e+00
8.378549715480728466e+00
8.378549715480728466e+00
8.378549715480728466e+00
8.378549715480728466e+00
8.378549715480728466e+00
8.378549715480728466e+00
8.378549715480728466e+00
8.378549715480728466e+00
8.035990765694911886e+00
7.954492830363224520e+00
7.821616447548717765e+00
6.821307352537135493e+00
6.853530157714490478e+00
7.375867474661812473e+00
7.311390410163900455e+00
7.199440336946164365e+00
7.289949411231010146e+00
7.236181328177881511e+00
7.220145642485590542e+00
6.815547233340622846e+00
6.808396566349988355e+00
6.760822414484497500e+00
6.652320076760181777e+00
6.138605926602195950e+00
6.048872216919953360e+00
5.959486541185541775e+00
5.914929149181118895e+00
5.959486541185541775e+00
6.048872216919953360e+00
6.048872216919953360e+00
5.959486541185541775e+00
5.914929149181118895e+00
5.870464797267086254e+00
5.870464797267086254e+00
5.914929149181118895e+00
5.914929149181118895e+00
7.978817192218925491e+00
5.914929149181118895e+00
8.331129672222619575e+00
8.331129672222619575e+00
8.331129672222619575e+00
8.343122291399168944e+00
8.250279015100701940e+00
8.097961926040504466e+00
8.170628543813826639e+00
8.390474556819521368e+00
8.308018287051220696e+00
8.303245533760115649e+00
8.188493857640573026e+00
8.159776621225702797e+00
8.303245533760115649e+00
8.293668519268836192e+00
8.258354303143375930e+00
8.333756497143975039e+00
8.378549715480728466e+00
8.378549715480728466e+00
8.378549715480728466e+00
8.378549715480728466e+00
8.378549715480728466e+00
8.378549715480728466e+00
8.378549715480728466e+00
8.313119911545596707e+00
8.236392623544386282e+00
8.236392623544386282e+00
8.283743778440573635e+00
8.283743778440573635e+00
8.378549715480728466e+00
8.323290594290011057e+00
8.378549715480728466e+00
8.284389899355693032e+00
8.378549715480728466e+00
8.344516509290061279e+00
8.344516509290061279e+00
8.260499817168586389e+00
8.295804900111047431e+00
8.378549715480728466e+00
8.313119911545596707e+00
8.266731829986657232e+00
8.250279015100701940e+00
8.242506854180190246e+00
8.227875316258550953e+00
8.214466186692513716e+00
7.934485390717354036e+00
5.914929149181118895e+00
5.914929149181118895e+00
5.914929149181118895e+00
5.959486541185541775e+00
6.004134901896316379e+00
6.004134901896316379e+00
5.959486541185541775e+00
5.959486541185541775e+00
5.914929149181118895e+00
5.914929149181118895e+00
5.959486541185541775e+00
6.592727713576231885e+00
6.640362453757338912e+00
6.741455567246344316e+00
7.209841120244712798e+00
7.076182351001331305e+00
7.093614244710908956e+00
7.121748307857601823e+00
