# Maximum of first term in the reconnection rate during the 2018/10/10 - 2018/10/11 storm
3.258448154036313466e-02
3.065415261948655282e-02
2.774462475295435757e-02
2.317140264319381485e-02
2.157659934047103864e-02
2.353984001473185747e-02
2.620479967838281257e-02
2.772219221997089880e-02
3.179343374551511781e-02
3.555409853584290403e-02
3.721887382996563742e-02
3.995107292907948415e-02
4.318405319831005590e-02
4.851349943926681896e-02
4.390782918776593019e-02
4.911913878373908027e-02
5.638568865143962078e-02
6.403603580630476411e-02
6.595561458043008862e-02
6.011011205244327221e-02
6.281326603812543985e-02
6.074281627296319180e-02
5.185445398529476418e-02
5.623042021455972039e-02
4.804002912386667878e-02
4.424715293128315269e-02
3.569412194997401144e-02
3.496561145457321995e-02
3.385549836005851548e-02
3.354464720167513181e-02
3.702758800738328165e-02
3.430610267428835930e-02
3.430962074059008826e-02
3.294924314951666600e-02
3.532385099824685015e-02
3.585999109837203352e-02
3.286619575297108908e-02
2.718778717547304033e-02
2.919238426012747342e-02
2.588373010742448660e-02
3.331453759131489112e-02
3.682026664595977605e-02
3.557097673572812840e-02
3.535872818057147343e-02
2.870008992526208030e-02
2.931678138580924228e-02
2.845305996642416568e-02
3.005583268470146674e-02
3.190170485531448191e-02
2.825166709507493518e-02
2.432067725196885438e-02
2.409339746447638000e-02
2.476382117390995771e-02
2.361028244216946056e-02
2.261044558993382733e-02
2.204960005527271602e-02
2.237434701119097452e-02
2.377013860262397124e-02
2.567041868789075865e-02
2.519635671764737517e-02
2.381813532981577955e-02
2.130762265936870722e-02
2.080706440576015823e-02
2.018110126849367511e-02
2.109748689427345253e-02
2.088206014619636494e-02
2.139067728356056769e-02
2.084637026901166312e-02
2.060436320043012096e-02
2.054872676770451434e-02
2.031958965993705193e-02
2.273419407061946437e-02
2.931192913456678872e-02
3.311101768040424637e-02
3.390421292664087816e-02
3.262608034161799259e-02
2.961596043451641264e-02
2.703262549277410040e-02
2.245124180908317918e-02
1.946322194268896438e-02
2.000699703366968021e-02
2.451592189241204311e-02
3.444854688338571530e-02
4.086593402117683071e-02
4.162979865246226735e-02
4.274419018791096592e-02
4.413243905607176776e-02
4.632953845289095735e-02
4.838175854223546873e-02
4.850505712736276343e-02
4.816161297717427153e-02
4.689670648678662818e-02
4.722312186730229233e-02
4.469555215191447356e-02
4.320423669193518973e-02
4.193564997563304503e-02
3.780913451907708112e-02
3.560543534843672170e-02
3.490465879178418496e-02
3.609508061295832460e-02
3.671939938542216619e-02
3.521016991351848952e-02
3.353504506407766622e-02
2.726592340934490613e-02
2.384011412302416977e-02
1.976816202356987753e-02
1.963995467833703004e-02
1.794060767747587479e-02
1.869370069387423297e-02
1.899856189212692503e-02
2.056334672665265095e-02
2.013394166883502104e-02
1.989593668971347679e-02
2.032710909564523771e-02
2.181452553384204823e-02
2.406674314587993468e-02
2.498606803782532637e-02
2.529860517858675481e-02
2.255920349947437842e-02
2.129751803033337956e-02
2.173361520845927194e-02
2.472812884649791543e-02
2.702284013524439144e-02
2.841894332078592073e-02
3.074282558179372571e-02
2.899319581184335581e-02
2.600487602714052215e-02
2.489283056971712885e-02
2.530312391860670140e-02
2.607670334724182873e-02
2.585340631796106611e-02
2.689953436336985776e-02
2.800766213743255406e-02
2.698032123918897227e-02
4.908527936826632271e-02
5.163993791629847147e-02
5.625250000212897450e-02
6.008430361174517398e-02
5.331366514393443001e-02
3.853990492366526910e-02
2.987530207982106931e-02
3.005204411175790499e-02
2.505579897326640215e-02
2.811029230689148645e-02
2.871497603929624304e-02
2.938222139492159546e-02
2.629427869276931146e-02
2.605239844958814194e-02
2.578949068282351126e-02
2.695550230132874939e-02
2.913690352833918015e-02
4.287095247190873815e-02
3.156507897271487728e-02
3.583779522833890202e-02
2.538325016692870306e-02
2.715984812498717371e-02
3.311297017931404130e-02
3.840722100112764492e-02
4.167591088714946157e-02
4.574790008977723532e-02
4.856441847021534391e-02
5.048785831706551624e-02
5.039803391983434938e-02
5.292214145978362677e-02
5.565265365825197708e-02
5.653077767406165105e-02
5.769095435495158464e-02
5.710762570560783818e-02
5.773362512665947133e-02
5.599408864229407645e-02
5.656626906279474398e-02
5.848247525664268531e-02
6.068765848925995743e-02
6.403060002798703632e-02
6.482346811789815866e-02
6.635087053599343643e-02
6.735288311226785007e-02
9.931013690277820660e-02
1.109264262895946485e-01
9.024989878961554857e-02
9.133575351632661210e-02
7.254827387938776739e-02
6.130898935240784026e-02
8.108864557532331763e-02
6.531485114304452777e-02
6.001139990604115182e-02
6.209041367547696311e-02
6.105760097840622763e-02
5.368310218542349938e-02
5.578382482225871519e-02
5.206011288534189568e-02
5.040809989296479721e-02
5.247832906706366429e-02
5.475452523851411651e-02
5.981254345069691308e-02
7.376431920357937044e-02
7.223479440556949960e-02
9.408954147503832688e-02
1.031768254199138951e-01
8.692100270263608541e-02
9.338208999369020102e-02
8.539772664192984974e-02
9.065154148820697699e-02
1.134718894942144951e-01
1.062053742349282209e-01
1.125969219898220464e-01
1.005393978794150156e-01
9.220558975690315573e-02
8.055114342836054708e-02
1.169335422601496671e-01
1.203050881971799990e-01
1.052680650259991413e-01
1.249310062723106296e-01
1.030271056682679626e-01
9.537922074341549650e-02
9.347924410929722705e-02
9.605598129298761889e-02
7.900834096026371212e-02
9.805044683979297071e-02
9.815048661373011740e-02
6.884467857318024575e-02
4.707926288868949372e-02
4.255565056134633095e-02
4.285185978533217338e-02
5.036635381710032749e-02
4.453033452052075625e-02
3.911614658919114473e-02
4.250749015133316322e-02
6.167183990051454401e-02
9.235124417965005772e-02
1.014243422936565164e-01
9.735362074134830401e-02
1.026989345972005724e-01
9.828680487992447201e-02
1.027559401632269914e-01
9.179046542776540807e-02
9.590642991760678360e-02
9.488183075375970776e-02
1.062067416419904681e-01
8.298404112188617621e-02
1.002556503440860947e-01
8.552854337742765711e-02
8.367556421667189659e-02
7.584580853679234735e-02
8.605473228127158425e-02
7.874054033362964944e-02
7.709401413047392571e-02
7.482525239925748306e-02
7.148637886326084101e-02
7.023353320632123864e-02
6.837157409034728961e-02
6.385853927042711708e-02
6.217065121404528188e-02
5.590085530091557647e-02
6.799055806577690431e-02
1.026540056267800510e-01
8.638443332636536187e-02
6.773489815844913053e-02
5.733730259742735730e-02
5.856007288821195311e-02
4.234544631025680822e-02
5.622939212891084337e-02
5.152328059038607105e-02
5.079980503190258817e-02
6.539429551415383568e-02
4.455928437870660536e-02
4.728988337171998596e-02
4.112652965134928895e-02
4.419239871181619705e-02
5.299390613558232349e-02
5.579437749988149647e-02
5.111541542531133908e-02
3.920122849278030730e-02
3.406969060555826989e-02
3.506723227755047245e-02
3.293177927431997776e-02
3.226166584582257357e-02
3.069962004544869727e-02
3.065210687711555568e-02
3.009799499635812392e-02
2.871933087149584202e-02
2.776839540529887559e-02
2.639327814239842904e-02
4.099514791571138433e-02
5.246934965701627318e-02
6.233818317887553084e-02
4.849227878378154638e-02
4.877336349687765027e-02
3.318165874220976169e-02
2.837185862597382119e-02
2.658965665618763172e-02
2.647821505952107149e-02
2.740874286471137178e-02
2.928766337520208665e-02
2.787117829362471128e-02
2.527833761105020144e-02
2.649169507114387118e-02
2.745110246226368719e-02
2.721201553357440600e-02
2.826499666715987999e-02
2.524364489501915165e-02
2.968281737888519081e-02
2.760683353226082992e-02
2.890913324785167327e-02
3.395873689513412286e-02
2.854543715945452587e-02
3.383749360234877129e-02
3.364594276765779657e-02
3.435161555348660578e-02
3.004023925923595892e-02
2.992967151845069007e-02
2.850533765920996651e-02
3.248634493918326621e-02
3.207624657056799833e-02
2.799197184870807348e-02
3.166765800486256305e-02
3.056899948633810815e-02
3.481747019655073716e-02
3.133673852518936015e-02
3.346383932716485987e-02
2.891328809042408368e-02
3.320478426452574267e-02
3.446174389933839843e-02
3.276322039472690656e-02
3.138865339725288583e-02
2.982329987994148876e-02
3.022347181647793216e-02
2.974926339702037292e-02
2.981101848602090570e-02
3.016128908869270681e-02
2.861245925043888472e-02
2.898748888294360240e-02
2.949258559682581271e-02
2.833238806512207442e-02
2.851077384221031158e-02
2.980013056788649584e-02
3.654918797075689535e-02
2.980398700929633160e-02
2.895311366382228094e-02
3.011305631928539242e-02
3.663180671916354408e-02
4.308649638577236735e-02
5.128200185396491334e-02
3.522710177104399626e-02
5.426601755425126961e-02
2.746427116503189630e-02
2.610596661280809722e-02
2.619627715482601704e-02
2.600742446315269102e-02
2.393152824487857974e-02
2.257908903229805322e-02
2.369306073741599822e-02
2.576928910613688131e-02
2.706074264298622897e-02
2.546004512309305023e-02
2.386971246264480220e-02
2.326180648614952287e-02
2.640648938620854258e-02
3.058875342055570462e-02
3.305271510375078908e-02
3.233404589766984000e-02
2.962797555372798791e-02
2.582683583171777042e-02
3.865605829024813811e-02
3.019183764021686478e-02
3.308218667801333945e-02
3.482699528565317421e-02
3.362147419175880170e-02
3.383899737559686177e-02
3.267704572504274985e-02
5.617506016071575209e-02
6.063658343304332426e-02
7.509803935753900372e-02
8.471590173459500606e-02
7.136887448143225399e-02
6.401565314108988158e-02
5.088465537238161945e-02
4.469391023389827217e-02
4.495893567364149523e-02
4.195841998693625868e-02
4.440389579406291143e-02
4.152166361320843574e-02
3.660321909423665948e-02
3.286470125581753693e-02
3.173725939326657586e-02
3.300057617614917532e-02
3.732056020867860480e-02
4.300823734158774198e-02
3.984048376932020075e-02
4.330340606587350372e-02
4.467281685957056464e-02
4.274940835006172529e-02
3.813083739258147503e-02
4.015762182642892975e-02
3.436114789431066185e-02
3.745509777460834938e-02
3.476614245541762710e-02
4.101833528205728330e-02
3.923757996650529406e-02
4.323276571888218928e-02
6.911643745305807995e-02
6.783377174358187767e-02
4.395292147529037546e-02
3.518635225326399718e-02
3.182225165340085010e-02
3.130559231258080166e-02
3.264686226003944008e-02
3.060523694113519849e-02
2.882410861997451376e-02
3.152505848769898700e-02
2.886382288748144676e-02
3.008465160887627624e-02
2.804937095767581767e-02
2.678544631121847208e-02
2.371119303663236574e-02
2.290003621534270409e-02
2.234273208552097281e-02
2.241332113357054345e-02
2.266559014132561722e-02
2.290737026183931394e-02
2.176411359141605315e-02
2.166007888441371862e-02
2.111824401857850808e-02
2.290406997895277560e-02
3.762220411667888814e-02
3.377109198011916252e-02
4.540472497797401474e-02
4.642138367503713392e-02
