# Maximum of second term in the reconnection rate during the 2018/10/10 - 2018/10/11 storm
1.062285172881628797e-04
1.178012693070173392e-04
1.003393151796939242e-04
7.894141173484977550e-05
6.194398554768371860e-05
6.043033683026918427e-05
7.073010327701516331e-05
9.318211395798056077e-05
1.022977549946954648e-04
8.327118819730155660e-05
7.932782607636592990e-05
6.699140678584540143e-05
7.884418102084054885e-05
5.406638377348592492e-05
4.975539820706001870e-05
4.322078253480292370e-05
5.468496049753202823e-05
7.199368469786748175e-05
6.322707730844288735e-05
5.266056770202248385e-05
6.123446594827210274e-05
4.222080443471523681e-05
4.167138525711580198e-05
3.825515911874841567e-05
2.324712667492324954e-05
2.023046359196476149e-05
2.283390831747583984e-05
3.053632179763059607e-05
2.756053699939597676e-05
2.498014741893187068e-05
2.301943597479568459e-05
2.279895345371100727e-05
2.448624449397706840e-05
2.354272295378057354e-05
1.914204070973946065e-05
1.747910122626052115e-05
1.780466686745516857e-05
2.519580458650628825e-05
2.717255637342675778e-05
2.142268254912342118e-05
2.190344839334993970e-05
3.379454491940507885e-05
4.065947537530684554e-05
5.773109748064392504e-05
6.119321063328946465e-05
6.445333121618096158e-05
6.781456082037917526e-05
3.488465625696552487e-05
3.630811434866896680e-05
3.676887648462715701e-05
7.746528656682578841e-05
8.385475936366138851e-05
7.472713988839900555e-05
6.737901181098124965e-05
6.671002246792753266e-05
8.031193806221264880e-05
5.975792334452841053e-05
6.893284159873759587e-05
7.803340457535419192e-05
8.689048686552806682e-05
8.953831057978432534e-05
8.251708076633364002e-05
8.801462556316821625e-05
1.031845031795821413e-04
1.183522565350404786e-04
1.347937457178069443e-04
1.593049637240724463e-04
1.477937651383881806e-04
1.159928872833177518e-04
1.006731476473655962e-04
9.677240130474572862e-05
1.136125329620517657e-04
1.570481036746151080e-04
1.885409449658301479e-04
2.283986603729064140e-04
2.170525341770221091e-04
2.056522216556398491e-04
1.882983608658366078e-04
1.364404099598408293e-04
9.399722321852272810e-05
9.636248589740699616e-05
9.116080231323147795e-05
1.899996244316645190e-04
2.430421187789371339e-04
3.045159051715798826e-04
3.297139147331877747e-04
3.610819679470438819e-04
3.580229645750953021e-04
4.321815287355220141e-04
5.308828038978821717e-04
5.440163246980113474e-04
5.326826085156000307e-04
5.975226046499364186e-04
4.683132629113879054e-04
4.499482094635241444e-04
5.340591793916815537e-04
3.968049661570589295e-04
3.333147074981027743e-04
2.473270938462818051e-04
3.496371479425269086e-04
3.678749025957192163e-04
3.418591808690624786e-04
3.591421579998327384e-04
1.325632874039963380e-04
1.217128497649442860e-04
7.306520672752259821e-05
7.530997605457151044e-05
6.825408286060573380e-05
8.796831034990778252e-05
9.484001207963555706e-05
1.484387910366944850e-04
1.391038162837741486e-04
1.649921563768642116e-04
1.865824630316233754e-04
2.494293173346389400e-04
3.763628756103311887e-04
5.138164401059960818e-04
6.270624553594780510e-04
3.015065288481921769e-04
2.119692600570838889e-04
3.839698184174583791e-04
1.355386965428867149e-03
5.241633289971540585e-03
5.144868702641793197e-03
5.232009869509592070e-03
4.514273295678682997e-03
9.176344377433497124e-03
6.927805818470050836e-03
6.225832446048460041e-03
5.597153074828476425e-03
5.984465799002604974e-03
6.553681051225942328e-03
1.040119598845238311e-03
6.282972800513342195e-04
1.610560788108284826e-03
9.623502797046300629e-04
8.935148588054280146e-04
1.338427065803909953e-03
1.806803976487376907e-03
3.618508870402944479e-03
3.887623959443777238e-03
3.208159043997271462e-03
4.049585431740247363e-03
4.905477141348766994e-03
4.341497267829282775e-03
4.005077819538986270e-03
6.145041279319048318e-03
5.610056964036538515e-03
6.234654363138161966e-03
6.747010196191363836e-03
5.398174438136137988e-03
5.852429249607198763e-03
5.369025306517880881e-03
5.621746044321000377e-03
8.434182164489896667e-04
1.432952720808030808e-03
3.376547413037944700e-03
2.270194917743723582e-03
2.616131669863372942e-03
4.252810756432901657e-03
2.398943507906549453e-03
8.869233702775849255e-04
6.562387522151163274e-04
7.361556736895407327e-04
8.939032530721600532e-04
4.561458399019132411e-04
4.081534672934729801e-04
4.017772155772287830e-04
5.289205820838673239e-04
2.219122386587237504e-04
2.273032796396826820e-04
3.602254066159016354e-04
6.495869176430115561e-04
9.501115162954174541e-04
6.918403513250375196e-04
1.018424331072510314e-03
2.010608592488775156e-03
4.723337768071105176e-03
4.993357592897007015e-03
5.330575812594197382e-03
5.505464470278388991e-03
5.614687525035725983e-03
4.997333223674573291e-03
4.368980809040586000e-03
4.614889999885983529e-03
4.354465775987072414e-03
3.662234001872852890e-03
3.104424283780211728e-03
2.739169319691738425e-03
2.503816893153048336e-03
2.550824827164511945e-03
1.918855734997561204e-03
1.704725356053104568e-03
1.353026694859496126e-03
1.171267550100055493e-03
1.078375538863808733e-03
8.284461677988990596e-04
6.397782336060715792e-04
6.072705394974322202e-04
8.278044509610518308e-04
6.519188061660460571e-04
7.884100600981535810e-04
8.172732720415924659e-04
1.030832487216235861e-03
1.226041373721626108e-03
1.052793317359562893e-03
1.245012706607436176e-03
1.240142176076592393e-03
1.340822471010163792e-03
1.380703101242328158e-03
9.614639471578736909e-04
1.188767233210471196e-03
2.948532020646280061e-03
3.398112555527933124e-03
4.325558268555468842e-03
4.465074275784130207e-03
4.458980363600574537e-03
4.836108875440858247e-03
4.134214225661984529e-03
4.248013530711391636e-03
2.971097991732245171e-03
1.183720074152552239e-03
9.040464951115283112e-04
9.412060049658407682e-04
9.402575376104758921e-04
6.666572593995066191e-04
9.046669471344735399e-04
5.705629905134365068e-04
9.541515205096687659e-04
2.985586561081509088e-03
2.877993438101044289e-03
2.490815050283211145e-03
2.885360887962127013e-03
2.407049694460763282e-03
2.147941692316955066e-03
2.273474886576792604e-03
2.432724087630499035e-03
2.904272584454242224e-03
2.922903179938214635e-03
2.205250189694146854e-03
2.034085240583364575e-03
2.039209396972487161e-03
2.612660599284002353e-03
1.589791961308892635e-03
1.584768958169447068e-03
1.356053436801721388e-03
1.020836570449159706e-03
7.701431339444158230e-04
4.923025315096148753e-04
4.499567842393057109e-04
3.586781544217924889e-04
3.720609385662459480e-04
5.176604773178485226e-04
8.302509777073805927e-04
4.141266223262089698e-04
1.172644755836054799e-03
1.924674045252399400e-03
1.384255895331121559e-03
2.324293763073088503e-03
2.518080560923365713e-03
1.989089556296030816e-03
1.463635295002716072e-03
1.620057047244920700e-03
1.716104457936717389e-03
1.368981823926294396e-03
1.429078590898797633e-03
1.322164658038948873e-03
1.567620262179430547e-03
1.242973377533573929e-03
1.656799448733754830e-03
2.194018678049206895e-03
1.488834222799489222e-03
8.439177604781733988e-04
7.769721040863790699e-04
5.905949056467708512e-04
4.973109557245158517e-04
5.763467060452884651e-04
4.720753089694697691e-04
4.170945588816744615e-04
4.552594852066939551e-04
4.582048451016262989e-04
4.973279057930075388e-04
7.877101265724731566e-04
1.166748285467879374e-03
1.550416966420261515e-03
2.077819849526437324e-03
1.917040326935120749e-03
1.620650300123801634e-03
1.451869166241376513e-03
8.525045124327235548e-04
1.685373978567119039e-03
2.231879016271006225e-03
2.515600284124314134e-03
2.854628411360088033e-03
2.677375989850454708e-03
6.564555489297259089e-04
5.921658097649918967e-04
3.991938850603552976e-04
3.821918685368866581e-04
3.279569109286660641e-04
2.908558012569570708e-04
2.696325880656618768e-04
2.404735957165420946e-04
2.065333528793466568e-04
1.709691530222865016e-04
1.545422068303638154e-04
1.580572760518910574e-04
1.564706246218800412e-04
1.905498947499366391e-04
2.193140965444362583e-04
1.866381425975604527e-04
1.795413578851498678e-04
2.051760881166867195e-04
1.766615174172729758e-04
1.411405111347792439e-04
1.347823324942856694e-04
1.289133218111074156e-04
1.433363849008985997e-04
1.258873587576262636e-04
1.292433469909452500e-04
1.120706065867299177e-04
1.302042017366916715e-04
1.281456054309383207e-04
1.325456791667039137e-04
1.639797624976453965e-04
2.438038940040002881e-04
2.800180398962442822e-04
3.246858181044615208e-04
3.618712063171957956e-04
5.341026944730784942e-04
3.723387473550365790e-04
6.534089442962906459e-04
8.530183562183525419e-04
9.931651318522615943e-04
2.036440706439014529e-03
3.540048481870336668e-03
4.379934012908294483e-03
3.615869012748795363e-03
3.546274865666680133e-03
3.073593244916582139e-03
2.849617849511903132e-03
2.243230735513197793e-03
1.916596755485597920e-03
1.928350347598115988e-03
2.275198511908846453e-03
1.744950466595847783e-03
8.642304177872702853e-04
8.996346674402996022e-04
1.097083409923888669e-03
6.298821557809244128e-04
3.893455128241839224e-04
3.760975011133612430e-04
5.501540497342923865e-04
7.610032460170780251e-04
5.237895147846526045e-04
3.938425210769942579e-04
4.634835578384642715e-04
5.514103712506688865e-04
1.653214499041519119e-03
2.162230981995348113e-03
1.619349496422865017e-03
9.707306866397791582e-04
7.722765926903872374e-04
9.951794369114903924e-04
9.745062824684427166e-04
1.519260650191507330e-03
2.161790596550204873e-03
1.462414002853656752e-03
1.336868520426006714e-03
1.279114313417701763e-03
1.289077380476110705e-03
1.229864128561191641e-03
2.011712786567282796e-03
1.811621765675399624e-03
2.426608727496572769e-03
1.796082949210747173e-03
1.332443388027454781e-03
1.457468481869929333e-03
1.208167004129050625e-03
1.427671909910119188e-03
4.925156774601168776e-04
4.642856869147168842e-04
5.621753046187748020e-04
4.683318501088660048e-04
4.214671401705895673e-04
3.822004086927378213e-04
3.078453677038973913e-04
2.952338807547435487e-04
6.272039768506649246e-04
1.229055535671008149e-03
1.550720097498836702e-03
1.071057879204529318e-03
1.106537625833017239e-03
6.370151343411248118e-04
7.502648970597717865e-04
8.050836000242609118e-04
1.645351609194224121e-03
8.438098249317423256e-04
8.983800845019539920e-04
7.948255109409119558e-04
7.447903415457770692e-04
9.892288020836520826e-04
1.557143902350402063e-03
2.221637861329667143e-03
2.146725241378925030e-03
2.356279154227525902e-03
1.934180986161312303e-03
2.049764888944677343e-03
1.756858801538057095e-03
1.331002273460107172e-03
7.858917141805552313e-04
7.140133209176462940e-04
4.960534886153754710e-04
4.851019751921251751e-04
1.538918543354202357e-03
8.995423071839044266e-04
5.560001501794385086e-04
2.763304515020466659e-04
2.180896435985505712e-04
2.255041135106828829e-04
3.608076612742336571e-04
4.511551409646631324e-04
3.223017191297780680e-04
5.815147116353168531e-04
1.142983796754613868e-03
9.822599441886301422e-04
1.117989348587317654e-03
1.150260889410088718e-03
