# Radius of the maximum second term in the reconnection rate during the 2018/10/10 - 2018/10/11 storm
8.366914291682494564e+00
8.366914291682494564e+00
8.366914291682494564e+00
8.366914291682494564e+00
8.366914291682494564e+00
8.366914291682494564e+00
8.366914291682494564e+00
8.150550196898219468e+00
8.151808268469405760e+00
8.155266964584281908e+00
8.157467189493607052e+00
8.159981005806439924e+00
8.165948218078080245e+00
8.366914291682494564e+00
8.173165856586532385e+00
8.173165856586532385e+00
8.366914291682494564e+00
8.366914291682494564e+00
8.366914291682494564e+00
8.366914291682494564e+00
8.196657481966811432e+00
8.366914291682494564e+00
8.366914291682494564e+00
8.366914291682494564e+00
8.366914291682494564e+00
8.035232643591372792e+00
8.275410677725577813e+00
8.485281374238569541e+00
8.485281374238569541e+00
8.485281374238569541e+00
8.485281374238569541e+00
8.485281374238569541e+00
8.485281374238569541e+00
8.485281374238569541e+00
8.485281374238569541e+00
8.371520686015102797e+00
8.380396930689554935e+00
8.485281374238569541e+00
8.485281374238569541e+00
8.485281374238569541e+00
8.366914291682494564e+00
8.366914291682494564e+00
8.366914291682494564e+00
8.366914291682494564e+00
8.366914291682494564e+00
8.366914291682494564e+00
8.366914291682494564e+00
8.485281374238569541e+00
8.485281374238569541e+00
7.473241808722513646e+00
8.366914291682494564e+00
8.366914291682494564e+00
8.366914291682494564e+00
8.366914291682494564e+00
8.366914291682494564e+00
8.366914291682494564e+00
8.366914291682494564e+00
8.366914291682494564e+00
8.197881016432335244e+00
8.207569801468522996e+00
8.313119911545596707e+00
8.333756497143975039e+00
8.390474556819521368e+00
8.390474556819521368e+00
8.390474556819521368e+00
8.390474556819521368e+00
8.390474556819521368e+00
8.390474556819521368e+00
8.323290594290011057e+00
8.333756497143975039e+00
8.366914291682494564e+00
8.313119911545596707e+00
8.293668519268836192e+00
8.293668519268836192e+00
8.284389899355693032e+00
8.284389899355693032e+00
8.284389899355693032e+00
8.284389899355693032e+00
8.284389899355693032e+00
8.366914291682494564e+00
8.366914291682494564e+00
8.461985078911746783e+00
8.284389899355693032e+00
8.266731829986657232e+00
8.266731829986657232e+00
8.266731829986657232e+00
8.266731829986657232e+00
8.266731829986657232e+00
8.313119911545596707e+00
8.258354303143375930e+00
8.258354303143375930e+00
8.242506854180190246e+00
8.250279015100701940e+00
8.235038678648450627e+00
8.235038678648450627e+00
8.390474556819521368e+00
8.390474556819521368e+00
8.390474556819521368e+00
8.390474556819521368e+00
8.390474556819521368e+00
8.390474556819521368e+00
8.390474556819521368e+00
8.390474556819521368e+00
8.390474556819521368e+00
8.343122291399168944e+00
8.227875316258550953e+00
8.227875316258550953e+00
8.227875316258550953e+00
8.227875316258550953e+00
8.227875316258550953e+00
8.154068039957305558e+00
8.154068039957305558e+00
8.235038678648450627e+00
8.242506854180190246e+00
8.242506854180190246e+00
8.250279015100701940e+00
8.258354303143375930e+00
8.266731829986657232e+00
8.258354303143375930e+00
8.344516509290061279e+00
7.987992961517531576e+00
7.590671275699351739e+00
7.492855378699804447e+00
7.552321103904509059e+00
7.605914217347208961e+00
7.615682845364329268e+00
8.408798925833590232e+00
7.881601580394370643e+00
7.599021842981967367e+00
8.303245533760115649e+00
7.539839713210479744e+00
7.552070491227091509e+00
7.965611783473040219e+00
7.080073974910858325e+00
6.789640670848334558e+00
6.661989897723922027e+00
6.651206105758233456e+00
6.731264126516453672e+00
6.807387223508584384e+00
7.443590942889068529e+00
7.443590942889068529e+00
7.340765151942131084e+00
7.815947760970159308e+00
7.491996208554315473e+00
7.444369880878984880e+00
7.444369880878984880e+00
7.806101325197500884e+00
7.806101325197500884e+00
8.054421134949944161e+00
8.054421134949944161e+00
7.844318305715503037e+00
7.882996380679581527e+00
7.953654712628942747e+00
8.105872682284443798e+00
8.303245533760115649e+00
8.275410677725577813e+00
8.258354303143375930e+00
8.275410677725577813e+00
8.266731829986657232e+00
8.242506854180190246e+00
8.266731829986657232e+00
8.313119911545596707e+00
8.333756497143975039e+00
8.323290594290011057e+00
8.303245533760115649e+00
8.366914291682494564e+00
8.366914291682494564e+00
8.366914291682494564e+00
8.333756497143975039e+00
8.366914291682494564e+00
8.366914291682494564e+00
8.366914291682494564e+00
8.313119911545596707e+00
8.284389899355693032e+00
8.313119911545596707e+00
8.293668519268836192e+00
8.258354303143375930e+00
8.138561156058651491e+00
8.042185381251321985e+00
8.097961926040504466e+00
8.009735709661613967e+00
8.009735709661613967e+00
7.953654712628942747e+00
7.826322482022799676e+00
7.626346868709235949e+00
7.530811548317307924e+00
7.387762163152465256e+00
7.292572708056658470e+00
7.102643707702722686e+00
7.055259605413894519e+00
6.904078754097590753e+00
6.895161074290457215e+00
6.490092042595276389e+00
6.303294046451397570e+00
6.117413375311553381e+00
5.932536255817717930e+00
5.772346769242664877e+00
5.706947639773500391e+00
5.661744222494816015e+00
5.648597482687300442e+00
5.630304477789239037e+00
5.630304477789239037e+00
5.640860833682961761e+00
5.579494127898669831e+00
5.535993998031909946e+00
5.501152223746827552e+00
5.510783557167458824e+00
5.484349549880782604e+00
5.474844919234906904e+00
5.474844919234906904e+00
5.495833436691255791e+00
5.480750135903791787e+00
8.177242573379469803e+00
8.080074984550602579e+00
8.031523156804313501e+00
7.895422361719414361e+00
7.793706195439531470e+00
7.659006948830448636e+00
7.562545278753462163e+00
7.466193615731810063e+00
7.498986951616837260e+00
7.257960042067560735e+00
6.018549549627334905e+00
6.125021741588228430e+00
6.869038840118316003e+00
6.287438713045095717e+00
6.273140397950522917e+00
6.439327096995343780e+00
8.248522983118247609e+00
8.295804900111047431e+00
8.319427927746399831e+00
8.295804900111047431e+00
8.227847954907000272e+00
8.238435106606116776e+00
8.207569801468522996e+00
6.863110902881148334e+00
8.140588683807877146e+00
6.925906745847200341e+00
6.925906745847200341e+00
6.538877091250386187e+00
6.414599267033283425e+00
6.452853684900747844e+00
6.878409262755737608e+00
7.897820643133879770e+00
7.913710425539123960e+00
7.801715826355433592e+00
7.874210600761166745e+00
7.882996380679581527e+00
8.026809248403317554e+00
8.154068039957305558e+00
8.106896282496334649e+00
7.514112109098078029e+00
7.514112109098078029e+00
7.758445404102785936e+00
7.602104639818957565e+00
8.248522983118247609e+00
8.378549715480728466e+00
8.390474556819521368e+00
6.508627010570154248e+00
7.113694417501511325e+00
6.064956361512217953e+00
6.673070018079344301e+00
6.904724780239967608e+00
6.573255626685226005e+00
6.093334498568435009e+00
5.988315517170102353e+00
7.622770495794933154e+00
7.671269311031145399e+00
6.064956361512217953e+00
6.367666754397822260e+00
6.380484369438394587e+00
6.405800599543886698e+00
6.228672628340656381e+00
6.414195842494483379e+00
6.410597620735857483e+00
6.305212594834961770e+00
6.395307998849031783e+00
6.610567675547632582e+00
6.485713168006612683e+00
6.576415327410619405e+00
6.795204587395535789e+00
6.836912638391405395e+00
6.869038840118316003e+00
6.916966672185182574e+00
6.999076442734077474e+00
7.108714452945450901e+00
7.180056698977974605e+00
7.305291737293597265e+00
7.484035221933541315e+00
7.577002664581232061e+00
7.822476931144429990e+00
7.968206833007511314e+00
8.120759681131570318e+00
8.023539096463625953e+00
8.117286281814788396e+00
8.224556090072885794e+00
8.201277153968897338e+00
8.390474556819521368e+00
8.390474556819521368e+00
8.390474556819521368e+00
8.390474556819521368e+00
8.390474556819521368e+00
8.390474556819521368e+00
8.390474556819521368e+00
8.313119911545596707e+00
8.313119911545596707e+00
8.303245533760115649e+00
8.366914291682494564e+00
8.366914291682494564e+00
8.366914291682494564e+00
8.366914291682494564e+00
8.366914291682494564e+00
8.366914291682494564e+00
8.366914291682494564e+00
8.366914291682494564e+00
8.313119911545596707e+00
8.303245533760115649e+00
8.293668519268836192e+00
8.293668519268836192e+00
8.293668519268836192e+00
8.293668519268836192e+00
8.293668519268836192e+00
8.293668519268836192e+00
8.293668519268836192e+00
8.313119911545596707e+00
8.366914291682494564e+00
8.366914291682494564e+00
8.366914291682494564e+00
8.366914291682494564e+00
8.313119911545596707e+00
8.355569494497158800e+00
8.293668519268836192e+00
8.242506854180190246e+00
8.221017563804958073e+00
8.177242573379469803e+00
8.045874500185192346e+00
7.911965041946167787e+00
7.767135545027517018e+00
7.628930883657355722e+00
7.450820168084528738e+00
7.334126582678900164e+00
7.334126582678900164e+00
7.268196343783062119e+00
7.189400701431765128e+00
7.188620966702160331e+00
7.244958242733606113e+00
7.190332937460119034e+00
7.124138009971753505e+00
7.065667876789186508e+00
7.022786005816906929e+00
6.944708899697037197e+00
6.775318610716535517e+00
6.591995623564079310e+00
6.455204626762765407e+00
6.546329508535785102e+00
6.729391773891995499e+00
8.157467189493607052e+00
6.546329508535785102e+00
6.319058083559573546e+00
6.382529590928448293e+00
6.213424943141329315e+00
6.319058083559573546e+00
7.829356320308954231e+00
7.930283880851257017e+00
6.364366101652815466e+00
6.273826371664303458e+00
6.319058083559573546e+00
6.364366101652815466e+00
6.364366101652815466e+00
7.945915056515088004e+00
8.114091687344979320e+00
8.122618005502213023e+00
6.319058083559573546e+00
6.273826371664303458e+00
6.228672628340656381e+00
6.273826371664303458e+00
6.319058083559573546e+00
6.273826371664303458e+00
6.273826371664303458e+00
6.319058083559573546e+00
6.364366101652815466e+00
8.059762537501422131e+00
7.871621330611167977e+00
7.918596162410309169e+00
7.965611783473040219e+00
8.012667475786610538e+00
8.012667475786610538e+00
6.455204626762765407e+00
6.455204626762765407e+00
6.409748807807842397e+00
6.409748807807842397e+00
6.409748807807842397e+00
6.455204626762765407e+00
6.500732024812553078e+00
6.576415327410619405e+00
6.531027896334425265e+00
6.455204626762765407e+00
8.143241432087460652e+00
6.455204626762765407e+00
6.409748807807842397e+00
6.319058083559573546e+00
8.018053261725324177e+00
7.874210600761166745e+00
7.930861493002519857e+00
7.761637786956498530e+00
7.794154220713467751e+00
7.731853375938926298e+00
7.725219023327126067e+00
7.863662991935545854e+00
7.890550267152274699e+00
7.676948505800640810e+00
6.409748807807842397e+00
6.455204626762765407e+00
7.764044806152250011e+00
7.919608499012345426e+00
7.819526768762767865e+00
7.717466362739040520e+00
7.761072432405875077e+00
6.969711642289350806e+00
8.366914291682494564e+00
7.954037670427098305e+00
8.051468639140788142e+00
7.161752374730117054e+00
7.241693471445115549e+00
7.161752374730117054e+00
7.088128125103512645e+00
7.055259605413894519e+00
7.074492167052597758e+00
