# Maximum of third term in the reconnection rate during the 2018/10/10 - 2018/10/11 storm
4.030545381555307449e-02
3.876010102570063426e-02
3.646983299685715302e-02
2.985122248580771367e-02
2.778538645628275336e-02
3.330964602836605087e-02
4.116860744224255797e-02
4.702066313669699127e-02
4.901405489891730999e-02
4.731163352190141669e-02
4.589987372624537709e-02
4.431857828867187543e-02
4.505224707531944872e-02
4.148063945919466811e-02
3.890854574170188318e-02
4.269560801859827170e-02
4.783717281547143763e-02
5.365681964552738992e-02
5.386415873011343725e-02
4.721424667200001257e-02
5.008768148241302814e-02
4.513313402477330677e-02
3.662962533911200136e-02
3.711856243197778071e-02
2.998110240647774635e-02
2.683945707474406916e-02
2.228702254343028349e-02
1.940613091676083451e-02
2.044442368090530066e-02
2.133677036355943399e-02
2.367879441371050983e-02
2.156356578975791166e-02
2.254816751023258972e-02
2.200739542708303811e-02
2.391069255378971969e-02
2.540563395806899952e-02
2.464215096119342155e-02
2.128288107365295181e-02
2.265576563058954718e-02
2.448534766531964418e-02
3.072348675210575392e-02
3.673865909010310543e-02
3.884033504689665683e-02
3.721249267694932972e-02
3.305626899543626096e-02
3.181737898165139938e-02
3.064177691235234202e-02
2.663856759873404340e-02
2.741557939009508713e-02
2.620927229558063856e-02
3.028568962757633570e-02
3.031631108995824428e-02
2.857777376387434648e-02
2.581417014413927430e-02
2.438556643921925907e-02
2.409926300555519096e-02
2.375680874044293345e-02
2.580553135813076771e-02
2.796772351294772238e-02
2.730874628790251613e-02
2.566063432464588123e-02
2.594256079900210052e-02
2.761591161370595404e-02
2.997068938048436451e-02
2.901257469033272085e-02
2.904321855041065367e-02
3.028248658860940856e-02
3.016304024167157719e-02
2.859559713500337691e-02
2.893235599773614011e-02
2.870552052635693199e-02
2.973807035516928821e-02
3.287042749072153353e-02
3.519079148526339101e-02
3.682387260004336971e-02
3.599331123799543591e-02
3.517476293669606624e-02
3.390621930038682091e-02
3.151085053173759143e-02
3.034795930958242641e-02
3.050288609729409975e-02
3.169899068832170846e-02
3.631233423366755919e-02
3.963660869287596172e-02
4.023288360356133686e-02
4.040260806075356842e-02
4.070727862892385002e-02
4.056244622146907425e-02
4.146493072060286611e-02
4.267131560724610195e-02
4.064589798508491669e-02
3.919885145192273518e-02
3.853656331169961341e-02
3.881105872567095633e-02
3.780250689236143435e-02
3.679950661449180732e-02
3.243429550116385535e-02
2.893283425102117015e-02
2.966860293213306743e-02
3.004742479431159186e-02
3.045169136591873577e-02
3.000654598080377405e-02
2.920779432239439463e-02
2.525220899075622874e-02
2.495895772546191660e-02
2.470943450077991640e-02
2.454064756657167029e-02
2.479854533896308152e-02
2.384683546578662133e-02
2.426667771843419794e-02
2.476623667533607229e-02
2.455161411008022904e-02
2.496776023910660461e-02
2.544100663426191247e-02
2.656487267642670264e-02
2.782340568546284171e-02
2.782700386322196906e-02
2.794625747867404697e-02
2.766755665681339821e-02
2.625632064033399035e-02
2.596861734035212088e-02
2.773733164234012949e-02
2.901726189202375600e-02
2.994157877753222952e-02
3.172542701540144450e-02
2.954298423439452245e-02
2.800992714651099127e-02
2.742473417102233094e-02
2.734952582081734071e-02
2.738256145705660408e-02
2.757395068425576995e-02
2.817511120106596170e-02
2.952371192744870573e-02
3.103989583385576706e-02
3.279883484428626483e-02
3.550810799828926778e-02
3.468427833711674318e-02
3.326971093192181150e-02
3.306770419006870715e-02
3.174789442953723090e-02
3.115560165831270448e-02
2.934496154872370116e-02
3.448884553039636980e-02
3.289380264550668953e-02
3.190697820857758132e-02
3.158967183903336334e-02
3.270117977676289395e-02
3.236397613057234723e-02
3.371532333611500232e-02
3.462703986293567265e-02
3.330935574963529017e-02
3.336471121567769621e-02
3.041701320748425516e-02
2.917226008763173714e-02
2.931993059080268207e-02
3.202806194024458014e-02
3.721137437344920751e-02
3.998981996543195250e-02
4.023105543379478649e-02
3.968249604974591338e-02
4.128940519568040368e-02
4.302157759983602642e-02
4.183296827237850679e-02
4.134117398587954656e-02
4.089722919218099356e-02
4.243493994629245203e-02
4.274883771693920032e-02
4.179876075104812377e-02
4.260248175610654997e-02
4.311098752470635814e-02
4.370136030224183732e-02
4.410294740599034202e-02
4.594949282832776899e-02
4.593720140434248006e-02
4.769378561721409476e-02
4.868726730715407930e-02
4.953489250394662452e-02
5.011187953483701302e-02
5.032205453974099990e-02
5.050918059466905086e-02
5.111908987351638373e-02
5.034054941960777046e-02
5.026549615715823066e-02
5.105115538428516703e-02
5.140849988820140465e-02
5.106698759509020746e-02
4.966946782657093162e-02
4.958465593721678166e-02
4.894576225028880040e-02
4.713793281201920232e-02
4.647077129132898277e-02
4.505765877228978811e-02
4.541875699123656962e-02
4.638344160761095902e-02
4.905384396963622523e-02
5.240375618857177203e-02
5.523398172938558809e-02
5.491792810395925567e-02
5.195928408898790180e-02
5.671965080274456172e-02
5.070110808430981081e-02
5.133288060045765322e-02
5.170794578576965589e-02
4.948916461306699516e-02
4.934321081057678471e-02
4.679250365450369348e-02
4.087405118917068064e-02
3.856182261652214838e-02
3.759697447807481413e-02
3.662393517021641370e-02
3.728794000010939025e-02
3.689383505280763309e-02
3.867091466862631471e-02
3.861664985116944337e-02
3.745768193277626557e-02
3.878681998065511977e-02
3.816840468487343180e-02
3.798565432718399582e-02
3.881208022925207446e-02
4.017283411469721455e-02
3.481307085388334055e-02
3.254058007899809923e-02
3.139125070442305709e-02
3.190785002768766615e-02
3.097183715093169629e-02
2.930055879035640271e-02
2.752447332271904315e-02
2.864899646878832362e-02
3.224577548467986304e-02
3.515745088256410494e-02
3.433789762872015844e-02
3.364099098762653867e-02
3.554678315969388852e-02
3.447700189385077135e-02
3.296778835670606533e-02
3.491738774427782105e-02
3.587705889882517041e-02
3.785955130313792272e-02
3.734416848551598556e-02
3.349269691469263649e-02
3.618979053767534815e-02
3.672114614561228924e-02
3.674186079601907129e-02
3.359149990776423567e-02
3.709755495469935216e-02
3.637450844446667164e-02
3.576197161858127999e-02
3.486566653446318553e-02
3.302798842868492207e-02
3.256067659694554528e-02
3.140413094636790997e-02
2.989936401474775629e-02
3.036313383304322169e-02
2.761192101589621251e-02
3.074285724896554453e-02
3.247829342600427882e-02
3.191412057073684388e-02
3.077337499889060482e-02
2.870208679799085214e-02
2.928603188166004068e-02
2.813969389653845493e-02
2.929834984352922347e-02
3.078864687697209154e-02
2.873539080253741801e-02
2.675966126804289053e-02
2.915198743104228593e-02
3.086330341429812524e-02
3.255821404415057407e-02
3.006742688464947647e-02
2.634125723989483650e-02
2.525537900848524864e-02
2.495228679641338723e-02
2.780116098616913431e-02
3.018093800785246958e-02
3.086001470384253445e-02
3.048612021547652748e-02
2.825961070885309179e-02
2.809784249743277687e-02
2.700745868742992356e-02
2.577052168289322570e-02
2.497310714483846894e-02
2.459235956820196231e-02
2.526074829991161938e-02
2.494287624753033922e-02
2.383940936373787206e-02
2.371219779990635379e-02
2.292857409179762176e-02
2.267027394819528044e-02
2.224385100640646068e-02
2.072505532250023402e-02
2.145693138194565419e-02
2.380610562077921724e-02
2.474452677071325296e-02
2.430324688223163554e-02
2.490454762281868809e-02
2.107299869209645904e-02
1.811804619801084260e-02
1.816645556264968528e-02
1.782635277453386777e-02
1.889675046681384488e-02
1.895240360986875580e-02
2.099041297830860422e-02
1.900279205224719714e-02
1.783631933232198222e-02
2.023817737354436166e-02
1.947790364044885494e-02
2.448333940795185959e-02
2.850425038744790196e-02
3.120456462827838479e-02
3.054288089410406304e-02
2.664694702562285522e-02
2.655921481504735018e-02
2.701334032360548296e-02
2.717271177734000356e-02
2.401578409181025567e-02
2.411224416071334337e-02
2.194833417420492122e-02
2.359809889393516685e-02
2.182778411063114946e-02
2.142205425164513816e-02
1.873505059998057873e-02
1.986849362925652285e-02
2.178929162899842509e-02
2.420344260863615746e-02
2.598796217031030739e-02
2.769058169356571411e-02
2.842711134143181134e-02
2.803344612056327470e-02
2.804843953349007296e-02
2.779257426729842342e-02
2.791160500306376704e-02
2.619091500999937497e-02
2.513794361137758684e-02
2.499407731394089061e-02
2.512569485471973993e-02
2.540257490158935594e-02
2.632845337401528915e-02
2.703531228268948525e-02
2.710631737258618890e-02
2.618958622626562510e-02
2.597392963059529103e-02
2.577224580367670770e-02
2.563268346790690752e-02
2.565019773243714871e-02
2.384234930185947371e-02
2.384236310750081217e-02
2.330732349090362462e-02
2.540800275539607800e-02
2.621992371882417988e-02
2.650331743474312191e-02
2.675144980832331806e-02
2.797920663217481549e-02
2.909943355444229857e-02
2.738470145700879974e-02
2.729759937387248037e-02
2.824608209963019867e-02
2.887677058041377559e-02
3.047239276722345583e-02
3.060056174922087119e-02
2.988910892687012683e-02
2.851322806016780981e-02
2.923619844285515329e-02
3.084586997835891617e-02
3.089438912929423631e-02
3.035018992810697286e-02
2.858962207633325078e-02
2.822770465719902019e-02
2.662951973244522680e-02
2.708445830471188642e-02
2.717345727587850215e-02
2.971216423839098328e-02
2.867919039519740282e-02
2.726276985349798676e-02
2.690371187347087578e-02
2.740998360437497602e-02
2.778998310641714667e-02
2.841718357455165142e-02
2.764609594028247935e-02
2.832793865774576106e-02
2.878978794131414193e-02
2.793843273273921568e-02
2.809218767840414646e-02
2.876046820097117110e-02
3.011430727616019529e-02
3.013698443367732530e-02
3.111061183892104010e-02
3.052405080597945380e-02
2.749540785729378406e-02
2.857019685048709304e-02
2.892404194780280602e-02
2.933857961939607267e-02
2.847501986485561840e-02
2.722497237383840127e-02
2.624007860632478900e-02
2.651201547156399607e-02
2.585014733588181582e-02
2.628431132053384717e-02
2.596528964860522412e-02
2.693925447842961118e-02
2.823934591740189307e-02
3.003619780015181345e-02
3.136584551200351928e-02
3.146540002064648900e-02
3.013455828578736825e-02
2.930253986788958903e-02
2.997293354718578995e-02
3.227129988778536240e-02
3.211679521818426586e-02
3.153521357342910225e-02
3.017071475668639535e-02
3.049421244384636562e-02
2.879917071146021260e-02
2.927556597643765635e-02
3.075495274429196693e-02
3.162874449039177610e-02
3.227446751027397698e-02
3.147673511358390491e-02
3.118337231084857344e-02
3.203682173994513299e-02
3.242828056804533676e-02
3.095907237607641374e-02
3.039986022526793702e-02
2.891388110370510939e-02
2.922645870098082577e-02
2.948948134489231751e-02
2.857597941710836309e-02
3.121061565448711092e-02
3.073602897229238406e-02
