# Radius of the maximum third term in the reconnection rate during the 2018/10/10 - 2018/10/11 storm
8.059321300229415286e+00
7.964529651065857863e+00
7.928836571259387789e+00
7.693052110443643343e+00
7.599021842981967367e+00
7.799418832727858408e+00
7.893627598199975282e+00
7.940791053839006075e+00
7.940791053839006075e+00
7.893627598199975282e+00
7.846503287978523034e+00
7.799418832727858408e+00
7.799418832727858408e+00
7.611494344549322832e+00
7.658411944627888879e+00
7.705372408974835885e+00
7.752374958631770951e+00
7.752374958631770951e+00
7.752374958631770951e+00
7.705372408974835885e+00
7.705372408974835885e+00
7.658411944627888879e+00
7.611494344549322832e+00
7.517790946591755841e+00
7.377577904530967956e+00
7.330934928511045001e+00
8.366914291682494564e+00
8.378549715480728466e+00
8.366914291682494564e+00
8.366914291682494564e+00
8.366914291682494564e+00
8.366914291682494564e+00
8.366914291682494564e+00
8.366914291682494564e+00
7.237796527667716973e+00
7.284340821622893536e+00
7.284340821622893536e+00
8.366914291682494564e+00
8.378549715480728466e+00
8.366914291682494564e+00
7.424268828621618077e+00
7.564620406302768885e+00
7.658411944627888879e+00
7.564620406302768885e+00
7.611494344549322832e+00
7.517790946591755841e+00
7.505162725062509033e+00
8.257434633497629406e+00
8.254950494038652664e+00
8.252776258629818784e+00
7.575030610263891795e+00
7.669355028313612266e+00
7.552321103904509059e+00
7.415817408574103098e+00
7.349224698198193906e+00
7.358637307088464752e+00
7.259451953120941603e+00
7.570100952948865647e+00
7.769890972318371780e+00
7.835043495302528527e+00
8.173165856586532385e+00
8.247182735530081743e+00
8.248115252803023267e+00
8.200574056499883469e+00
8.197759962651360865e+00
8.246250112804547783e+00
8.198385400315963523e+00
8.197759962651360865e+00
8.246560998765556150e+00
8.246560998765556150e+00
8.246560998765556150e+00
8.250912172263813460e+00
8.177242573379469803e+00
8.186329471956392823e+00
8.191338618219619505e+00
8.186329471956392823e+00
8.181630612044257234e+00
8.177242573379469803e+00
8.162808123802198779e+00
8.246560998765556150e+00
8.247182735530081743e+00
8.206199349145588684e+00
8.225857579252297214e+00
8.196657481966811432e+00
8.202285460678693241e+00
8.202285460678693241e+00
8.208221918519978288e+00
8.202285460678693241e+00
8.256654520683577303e+00
8.214466186692513716e+00
8.262862188283632392e+00
8.227875316258550953e+00
8.221017563804958073e+00
8.235038678648450627e+00
8.235038678648450627e+00
8.235038678648450627e+00
8.227875316258550953e+00
8.250752910414529850e+00
8.214466186692513716e+00
8.256654520683577303e+00
8.256654520683577303e+00
8.256654520683577303e+00
8.256654520683577303e+00
8.234890833136439880e+00
8.218062322003824249e+00
8.204012193670392250e+00
8.204012193670392250e+00
8.199323467360606799e+00
8.204012193670392250e+00
8.208698241827057984e+00
8.218062322003824249e+00
8.218062322003824249e+00
8.186329471956392823e+00
8.181630612044257234e+00
8.191338618219619505e+00
8.196657481966811432e+00
8.191338618219619505e+00
8.191338618219619505e+00
8.177242573379469803e+00
8.249358445191386835e+00
8.247182735530081743e+00
8.169400927735528839e+00
8.181630612044257234e+00
8.186329471956392823e+00
8.191338618219619505e+00
8.186329471956392823e+00
8.169400927735528839e+00
8.162808123802198779e+00
8.159981005806439924e+00
8.159981005806439924e+00
8.157467189493607052e+00
8.155266964584281908e+00
8.148662725353451819e+00
8.157467189493607052e+00
8.169400927735528839e+00
8.177242573379469803e+00
8.177242573379469803e+00
8.173165856586532385e+00
8.169400927735528839e+00
8.165948218078080245e+00
8.260228397409807855e+00
8.260228397409807855e+00
8.159981005806439924e+00
8.162808123802197002e+00
8.159981005806439924e+00
8.159981005806439924e+00
8.159981005806439924e+00
8.159981005806439924e+00
8.159981005806439924e+00
8.108754357376398048e+00
8.108754357376398048e+00
8.106540911155985185e+00
8.104643190397272434e+00
8.004344859296843140e+00
7.955649073440460128e+00
8.004344859296843140e+00
8.104643190397272434e+00
8.104643190397272434e+00
8.104643190397272434e+00
8.103061416927072713e+00
8.103061416927072713e+00
8.054333845698035788e+00
8.054333845698035788e+00
8.053060546415153453e+00
8.053060546415153453e+00
8.054333845698035788e+00
8.005625906840787565e+00
4.277963407373829519e+00
4.277963407373829519e+00
4.277963407373829519e+00
4.277963407373829519e+00
4.277963407373829519e+00
4.277963407373829519e+00
4.316549937864437858e+00
4.277963407373829519e+00
4.277963407373829519e+00
4.316549937864437858e+00
4.316549937864437858e+00
4.316549937864437858e+00
4.316549937864437858e+00
4.316549937864437858e+00
4.316549937864437858e+00
4.355375863020802818e+00
4.355375863020802818e+00
4.355375863020802818e+00
4.355375863020802818e+00
4.394434837513200520e+00
4.394434837513200520e+00
4.394434837513200520e+00
4.394434837513200520e+00
4.433720702183876483e+00
4.433720702183876483e+00
8.177242573379469803e+00
8.177242573379469803e+00
8.186329471956392823e+00
8.191338618219619505e+00
8.196657481966811432e+00
8.196657481966811432e+00
8.202285460678693241e+00
8.202285460678693241e+00
8.202285460678693241e+00
8.202285460678693241e+00
8.202285460678693241e+00
8.208221918519978288e+00
8.208221918519978288e+00
8.208221918519978288e+00
8.214466186692513716e+00
8.221017563804958073e+00
8.221017563804958073e+00
8.221017563804958073e+00
8.221017563804958073e+00
8.227875316258550953e+00
8.227875316258550953e+00
8.227875316258550953e+00
8.235038678648450627e+00
8.235038678648450627e+00
8.242506854180190246e+00
8.258354303143375930e+00
8.258354303143375930e+00
8.366914291682494564e+00
8.250279015100701940e+00
5.046560811620805609e+00
5.088772661747724690e+00
5.088772661747724690e+00
8.461985078911746783e+00
8.461985078911746783e+00
5.131130623105783606e+00
8.461985078911746783e+00
8.366914291682494564e+00
8.366914291682494564e+00
8.366914291682494564e+00
8.390474556819521368e+00
8.366914291682494564e+00
8.366914291682494564e+00
8.366914291682494564e+00
8.366914291682494564e+00
8.366914291682494564e+00
8.366914291682494564e+00
8.366914291682494564e+00
8.366914291682494564e+00
8.366914291682494564e+00
8.366914291682494564e+00
8.366914291682494564e+00
8.366914291682494564e+00
8.390474556819521368e+00
8.390474556819521368e+00
8.390474556819521368e+00
8.390474556819521368e+00
8.366914291682494564e+00
8.378549715480728466e+00
8.426003331653443951e+00
8.461985078911746783e+00
8.461985078911746783e+00
8.461985078911746783e+00
8.366914291682494564e+00
8.366914291682494564e+00
8.366914291682494564e+00
8.366914291682494564e+00
8.366914291682494564e+00
8.366914291682494564e+00
5.088772661747724690e+00
5.088772661747724690e+00
5.131130623105783606e+00
5.046560811620805609e+00
5.004498769975012529e+00
8.202285460678693241e+00
8.202285460678693241e+00
8.293680159497759163e+00
8.288423557571148237e+00
8.270464124257847160e+00
8.254950494038652664e+00
8.263331471730808175e+00
8.278829396919830330e+00
8.283473120303227688e+00
8.283473120303227688e+00
8.278829396919830330e+00
8.278829396919830330e+00
8.274492903813136735e+00
8.278829396919830330e+00
8.270464124257847160e+00
8.266743508144571706e+00
8.266743508144571706e+00
8.270464124257847160e+00
8.270464124257847160e+00
8.266743508144571706e+00
8.263331471730808175e+00
8.260228397409807855e+00
8.260228397409807855e+00
8.257434633497629406e+00
8.254950494038652664e+00
8.254950494038652664e+00
8.252776258629818784e+00
8.254950494038652664e+00
8.252776258629818784e+00
8.250912172263813460e+00
8.199323467360606799e+00
8.197447225924513248e+00
8.197759962651360865e+00
8.198385400315963523e+00
8.197759962651360865e+00
8.197447225924513248e+00
8.197447225924513248e+00
8.198385400315963523e+00
8.202137024781995578e+00
8.202137024781995578e+00
8.202137024781995578e+00
8.200574056499883469e+00
8.199323467360606799e+00
8.200574056499883469e+00
8.199323467360606799e+00
8.198385400315963523e+00
8.198385400315963523e+00
8.199323467360606799e+00
8.199323467360606799e+00
8.199323467360606799e+00
8.200574056499883469e+00
8.200574056499883469e+00
8.202137024781995578e+00
8.200574056499883469e+00
8.204012193670392250e+00
8.202137024781995578e+00
8.204012193670392250e+00
5.737651590107526012e+00
8.204012193670392250e+00
8.204012193670392250e+00
8.200574056499883469e+00
8.199323467360606799e+00
8.198385400315963523e+00
8.197759962651360865e+00
8.197759962651360865e+00
8.197447225924513248e+00
8.197759962651360865e+00
8.197759962651360865e+00
8.197447225924513248e+00
8.197447225924513248e+00
8.197759962651360865e+00
8.199323467360606799e+00
8.199323467360606799e+00
8.200574056499883469e+00
8.200574056499883469e+00
8.204012193670392250e+00
8.208698241827057984e+00
8.257434633497629406e+00
8.254950494038652664e+00
8.254950494038652664e+00
8.254950494038652664e+00
8.257434633497629406e+00
8.260228397409807855e+00
8.263331471730808175e+00
8.263331471730808175e+00
8.266743508144571706e+00
8.266743508144571706e+00
8.270464124257847160e+00
8.274492903813136735e+00
8.274492903813136735e+00
8.274492903813136735e+00
8.270464124257847160e+00
8.274492903813136735e+00
8.181630612044257234e+00
8.186329471956392823e+00
8.191338618219619505e+00
8.186329471956392823e+00
8.278829396919830330e+00
8.283473120303227688e+00
8.191338618219619505e+00
8.191338618219619505e+00
8.196657481966811432e+00
8.196657481966811432e+00
8.196657481966811432e+00
8.288423557571148237e+00
8.196657481966811432e+00
8.202285460678693241e+00
8.221017563804958073e+00
8.250279015100701940e+00
8.266731829986657232e+00
8.366914291682494564e+00
8.366914291682494564e+00
8.366914291682494564e+00
8.366914291682494564e+00
8.258354303143375930e+00
8.235038678648450627e+00
8.311280974896643414e+00
8.293680159497759163e+00
8.288423557571148237e+00
8.288423557571148237e+00
8.288423557571148237e+00
8.293680159497759163e+00
8.366914291682494564e+00
8.366914291682494564e+00
8.366914291682494564e+00
8.366914291682494564e+00
8.366914291682494564e+00
8.366914291682494564e+00
8.313119911545596707e+00
8.331614414397746415e+00
8.250279015100701940e+00
8.250279015100701940e+00
8.235038678648450627e+00
8.221017563804958073e+00
8.208221918519978288e+00
8.208221918519978288e+00
8.196657481966811432e+00
8.288423557571148237e+00
8.283473120303227688e+00
8.278829396919830330e+00
8.278829396919830330e+00
8.278829396919830330e+00
8.278829396919830330e+00
8.278829396919830330e+00
8.278829396919830330e+00
8.274492903813136735e+00
8.278829396919830330e+00
8.278829396919830330e+00
8.274492903813136735e+00
8.274492903813136735e+00
8.274492903813136735e+00
8.274492903813136735e+00
8.274492903813136735e+00
8.274492903813136735e+00
8.274492903813136735e+00
8.274492903813136735e+00
8.270464124257847160e+00
8.270464124257847160e+00
8.270464124257847160e+00
8.270464124257847160e+00
8.270464124257847160e+00
8.270464124257847160e+00
8.270464124257847160e+00
