# Maximum of the total reconnection rate during the 2018/10/10 - 2018/10/11 storm
5.957332882988325418e-02
5.322689585287420505e-02
5.097924110385208818e-02
4.411701133905299166e-02
4.171184531610738072e-02
4.601537462450015076e-02
5.289300330395484140e-02
6.104415671817672862e-02
6.300367586643687567e-02
5.897536023929878662e-02
5.964467583794110656e-02
6.253600043960461097e-02
6.708032765321764179e-02
7.298943319948270059e-02
6.492841488915490622e-02
6.947964475914779336e-02
7.869853518104921730e-02
8.941267051988845138e-02
9.217066466766031529e-02
8.197587747245610457e-02
8.734182283261410218e-02
8.226391166643129416e-02
6.881451140548280887e-02
7.521929524518936039e-02
6.407989790312079714e-02
5.902058860774710147e-02
4.754338110585180216e-02
4.676329361618558611e-02
4.634763269904233068e-02
4.679851525846377702e-02
5.010000593514288281e-02
4.621885353559827131e-02
4.762154984689419279e-02
4.565357511627564369e-02
4.886851057609939430e-02
5.044054029748214207e-02
4.786245652634850412e-02
3.984434320439741301e-02
4.231887908300127621e-02
4.350287307699637201e-02
5.323633823310165714e-02
5.876679716291302591e-02
5.781551464975312471e-02
5.924144055116933871e-02
4.956128745588249396e-02
5.260372646996323148e-02
5.114981377003075674e-02
4.925418736438678946e-02
5.080972036571152622e-02
4.646149390412060431e-02
4.454092105960927306e-02
4.421446169443672691e-02
4.436286082991248991e-02
4.388074286004133018e-02
4.325885081275568367e-02
4.235813315883659586e-02
4.407135711721866383e-02
4.555315547939134402e-02
4.712366788345334623e-02
4.785911524972256276e-02
4.663771102568668725e-02
4.440449131822045425e-02
4.466289446889251669e-02
4.590050440162760786e-02
4.708376478873622928e-02
4.667335758142970858e-02
4.830180670890754646e-02
4.812038749394915993e-02
4.673622193947166159e-02
4.726271379280224533e-02
4.764597000836819779e-02
5.066078421160828682e-02
5.526838416244277130e-02
5.719564880898535264e-02
5.905926786727153793e-02
5.644503586305901766e-02
5.650608739445132922e-02
5.416353906283639941e-02
5.045692205012102666e-02
4.675407462612470033e-02
4.611474512425177419e-02
4.957232397491482395e-02
5.378230161041504254e-02
6.372973164108847177e-02
6.693107272599516100e-02
6.896415134000787039e-02
7.141528869922098011e-02
7.297654446519880045e-02
7.596575366887828307e-02
7.906881502092216740e-02
7.772128426871550977e-02
7.923419734028981642e-02
7.846526764301693657e-02
7.969058472763032586e-02
7.657801916039005952e-02
7.431871765411444952e-02
6.624105672200357453e-02
6.028061417546354273e-02
6.101036352927115269e-02
6.166292105588808137e-02
6.255030341152292839e-02
6.094574489272581996e-02
5.812604982028719836e-02
4.845230450405406397e-02
4.211875543316982717e-02
3.721836379020901364e-02
3.611509637314738730e-02
3.345964356383984706e-02
3.507349813829128277e-02
3.499312332046534968e-02
3.665707055777543688e-02
3.602951111600920242e-02
3.797816498206657565e-02
3.651921512498260136e-02
3.887338835821024796e-02
4.159496101902303289e-02
4.026696725971994073e-02
4.017969271208145232e-02
3.829804007521499243e-02
3.296250636907345488e-02
3.274244108809051812e-02
3.776671848269800430e-02
4.205873359045763510e-02
4.315471645151283675e-02
4.430252539659419037e-02
4.146004649795274888e-02
3.859842701783254559e-02
3.893634103946576330e-02
3.901131258919793288e-02
4.009927666591343864e-02
4.222590891219700493e-02
4.647736412825650282e-02
5.089058166231934938e-02
4.609915069150548328e-02
5.652087964149474925e-02
5.773855899444628459e-02
6.205869968401325071e-02
6.672913639230687588e-02
6.104511683114181853e-02
4.758742848523361130e-02
4.092405931969103627e-02
4.500301127090725051e-02
4.284348421579568800e-02
4.222419356196387141e-02
4.219399408205824764e-02
4.123709859103297237e-02
4.381394573350985006e-02
4.512110428988620053e-02
4.830904513322514110e-02
5.035609293843363449e-02
5.047938654980677065e-02
6.762156303488078835e-02
5.719124065218349207e-02
5.983407845491861554e-02
4.817801717058295408e-02
5.620908674406228933e-02
7.007179009723668583e-02
7.721585503747149803e-02
8.066328993936376646e-02
8.356744644911467956e-02
8.840213316584809300e-02
9.258513973907579742e-02
9.129566617253978555e-02
9.310157461474338758e-02
9.517142231629086013e-02
9.816855444569791422e-02
9.972666373108399207e-02
9.750723102539439469e-02
9.668252892817685851e-02
9.800947185050778998e-02
9.834712231670597604e-02
9.859572330738912427e-02
1.004713537336687224e-01
1.023741904720240209e-01
1.068152111469030385e-01
1.090246358752912231e-01
1.101723096795984569e-01
1.342087558738800368e-01
1.427853526183906208e-01
1.264530002343234316e-01
1.244955140755625994e-01
1.085186895530731721e-01
9.477148350526694298e-02
1.100833624874468369e-01
9.253505194765812569e-02
8.561634109230617518e-02
8.327172051631637206e-02
8.397911392665546870e-02
8.108553442762014840e-02
7.907472683370513067e-02
7.987526029749170142e-02
7.776726085344062844e-02
8.085663526499112241e-02
8.242635753995353198e-02
8.608326552734807402e-02
8.967843970962657840e-02
9.350416352700530176e-02
1.133301270766692848e-01
1.198149162149563240e-01
1.001490088944043261e-01
1.105948843045557878e-01
1.050685293977965812e-01
1.114176282246985977e-01
1.373636266700028197e-01
1.299981143350750212e-01
1.373780081388776275e-01
1.235218032753708228e-01
1.182139124230368460e-01
1.072359623714114751e-01
1.417764863051742263e-01
1.458454912509600243e-01
1.314027787617077503e-01
1.490788552008787127e-01
1.274352618810579985e-01
1.243047872634326645e-01
1.164852145899259034e-01
1.171755184561419777e-01
1.137540600128162521e-01
1.257102118150502101e-01
1.310305578610030941e-01
9.811845953206191351e-02
7.155862384557840072e-02
6.653587979118613660e-02
6.801161212150563795e-02
7.702832417033356194e-02
6.963875347505205093e-02
6.113080336000567550e-02
6.692848155490194184e-02
7.953316915325689407e-02
1.086896805212362177e-01
1.170932918694937291e-01
1.113563854753461396e-01
1.130275566865082543e-01
1.080494636266952496e-01
1.110853062687995468e-01
1.034816599305777990e-01
1.110334797704517207e-01
1.126500485734489299e-01
1.204778515193260235e-01
9.603622186220608925e-02
1.130368068039749180e-01
9.986378215020672022e-02
1.001357293542325388e-01
9.466545472848245102e-02
1.018530342156432067e-01
9.919391130978411075e-02
9.787437876422726279e-02
9.558595098167482762e-02
9.201534254097945564e-02
9.003553305508807392e-02
8.675750559571551723e-02
7.956322357603012874e-02
7.584909321660535109e-02
6.725849369442624126e-02
7.925155534384629996e-02
1.117356383011972459e-01
9.441688878951806640e-02
7.783607578440147889e-02
7.367437125740697312e-02
7.610490563026359179e-02
6.629829240087679876e-02
7.562213396457218018e-02
7.367147931882074563e-02
6.956210981225524614e-02
8.492989237563487726e-02
6.248482656752114145e-02
6.390211478496433950e-02
6.356220784965507797e-02
5.913896130894505387e-02
6.713988522620915889e-02
6.949262665016056606e-02
6.329678002445589258e-02
5.031730167145551103e-02
4.656861454251687293e-02
4.617989848417360099e-02
4.401486165098744685e-02
4.216821882906728741e-02
4.008832692664626024e-02
3.964792001183560510e-02
3.865853096618646068e-02
3.648059375213566491e-02
3.547664903994299929e-02
3.608471186751838200e-02
5.506895880451076475e-02
6.097609773277937184e-02
7.028049176797748765e-02
5.527822060546500049e-02
5.684261647644271026e-02
4.232772555184385194e-02
3.984583215704656095e-02
4.362331237199928990e-02
4.801362012780856225e-02
5.304113049270043484e-02
5.268931469992389760e-02
5.135709447174238718e-02
3.775221032677564259e-02
3.691107614680820548e-02
3.676337499166160150e-02
3.569830520653637790e-02
3.441456343256172473e-02
3.570454516293758429e-02
3.692661855137960303e-02
3.499010648851413885e-02
3.661076088321513211e-02
4.304866868493933962e-02
3.947834535751465479e-02
4.629261593770740701e-02
4.750343197427353559e-02
4.908818939229267486e-02
5.123746548812221219e-02
4.907992635545331550e-02
4.615452371494200429e-02
4.660674792399503719e-02
4.669025864741348925e-02
4.180838337304058211e-02
4.537443061624741453e-02
4.445211660923310826e-02
5.045188867350684780e-02
4.662344654227747881e-02
4.805126921687662145e-02
4.211463896702503235e-02
4.675349319022251149e-02
5.024751149429947106e-02
5.005878446353581590e-02
4.946741283895517149e-02
4.763599511200770908e-02
4.709152947213793294e-02
4.543400074918164944e-02
4.452291798198154682e-02
4.413346457530761824e-02
4.347746059250286177e-02
4.132757212745249986e-02
4.026870423934914012e-02
3.965978973367996485e-02
3.946342630322624556e-02
5.321763046950439557e-02
5.834111376354156331e-02
5.229363880147829685e-02
4.883362750440262134e-02
4.790743688737722494e-02
5.465400204518514049e-02
4.996827121873854971e-02
5.808994964402319078e-02
5.443057402053351479e-02
6.263128019239054545e-02
4.067877782065039416e-02
3.670884734633759333e-02
3.748938121226498554e-02
3.776449702351279691e-02
3.483029588060342768e-02
3.227871184065841947e-02
3.375320052770741652e-02
3.620083859820640709e-02
3.727992195926751323e-02
3.512001557603879748e-02
3.487419370814824615e-02
3.573971756928180643e-02
3.922442120099751961e-02
5.336101818788424600e-02
4.864207472799861320e-02
4.854332717890494364e-02
4.805523182196441700e-02
4.781913001326555668e-02
5.054878463806106170e-02
5.360208080185314972e-02
5.493769174100192332e-02
5.557812692060970505e-02
5.179029741168922341e-02
5.331166891875788183e-02
5.071760667563267322e-02
6.108093836359838186e-02
6.502608843726638554e-02
7.809460950277116731e-02
8.753034403178118483e-02
7.310751117352908002e-02
6.705153620296011585e-02
6.670945936411311339e-02
6.609553506337310924e-02
6.742153539496961723e-02
6.862500377419958331e-02
6.341467993320151764e-02
5.857437613677117516e-02
5.445402630754257733e-02
5.444790954213708789e-02
5.456464806951404761e-02
5.685394973456486811e-02
5.900476667261753128e-02
5.951447178129194715e-02
6.590867544954590040e-02
7.074153173221578439e-02
7.267234769996711030e-02
7.027746523025299452e-02
6.488926065777250729e-02
5.956189560534590199e-02
5.655230699852574483e-02
5.738454615529745007e-02
5.959335164493297088e-02
5.752516001260835066e-02
5.779395614984488005e-02
6.028209945187447405e-02
7.522230729589859943e-02
7.618867037146200005e-02
5.772616931420924274e-02
5.156089417700175648e-02
4.897914093492809762e-02
4.883827825754226415e-02
5.180315889114599920e-02
5.011874037247224939e-02
4.831912329431409941e-02
4.658855118672122764e-02
4.648306319006253323e-02
4.538012133265446196e-02
4.319035186610654942e-02
4.273489964287133236e-02
4.014406869907918840e-02
4.010038394167155656e-02
3.897408343384328733e-02
3.856014885078963561e-02
3.909958803628565960e-02
3.901060835766716889e-02
3.644612471612354576e-02
3.509237913570696643e-02
3.387586119832390608e-02
3.404635427724966856e-02
4.947423087122452406e-02
4.299656954492124539e-02
5.150249783902706435e-02
5.247666092089687401e-02
