# Radius of the maximum total reconnection rate during the 2018/10/10 - 2018/10/11 storm
8.323290594290011057e+00
7.858473086318547018e+00
7.763837757039918408e+00
7.388885259352087509e+00
7.331141035325161148e+00
7.516341759399187694e+00
7.740129476451390822e+00
7.987992961517531576e+00
7.987992961517531576e+00
8.366914291682494564e+00
8.366914291682494564e+00
8.366914291682494564e+00
8.366914291682494564e+00
8.366914291682494564e+00
8.366914291682494564e+00
8.366914291682494564e+00
8.258354303143375930e+00
8.258354303143375930e+00
8.258354303143375930e+00
8.235038678648450627e+00
8.235038678648450627e+00
8.227875316258550953e+00
8.208221918519978288e+00
8.208221918519978288e+00
8.196657481966811432e+00
8.191338618219619505e+00
8.366914291682494564e+00
8.366914291682494564e+00
8.366914291682494564e+00
8.366914291682494564e+00
8.366914291682494564e+00
8.366914291682494564e+00
8.366914291682494564e+00
8.366914291682494564e+00
8.202285460678693241e+00
8.414433526662001839e+00
8.414433526662001839e+00
8.366914291682494564e+00
8.426003331653443951e+00
8.414433526662001839e+00
8.414433526662001839e+00
8.366914291682494564e+00
8.366914291682494564e+00
8.366914291682494564e+00
8.414433526662001839e+00
8.414433526662001839e+00
8.426003331653443951e+00
8.230219698294355624e+00
8.378549715480728466e+00
8.234890833136439880e+00
7.029048050246261781e+00
7.076607664089824112e+00
7.046838339994693889e+00
7.028259673274736663e+00
7.076182351001331305e+00
7.183912224529563240e+00
7.161752374730117054e+00
7.262903506194979819e+00
7.316277480776546938e+00
7.349752869747618433e+00
7.446251329933081919e+00
7.528569103752854375e+00
7.571925688197748805e+00
7.521414607499513849e+00
7.523459443533933033e+00
7.521414607499513849e+00
7.472959531516062626e+00
7.569893944237006345e+00
7.810997818343172305e+00
8.004344859296843140e+00
8.151808268469405760e+00
8.155266964584281908e+00
8.181630612044257234e+00
8.208221918519978288e+00
8.153840387146848556e+00
8.148178947304023367e+00
7.886000263150315881e+00
7.881772907524613458e+00
8.013947724406248696e+00
8.148977334303790343e+00
8.148662725353451819e+00
8.153380584950447485e+00
8.150031019689748746e+00
8.122120802555961916e+00
8.074448896076642512e+00
8.084919828211903692e+00
8.084919828211903692e+00
8.095693896467851758e+00
8.059321300229415286e+00
8.059321300229415286e+00
8.011907678330423721e+00
8.011907678330423721e+00
7.964529651065857863e+00
7.953255568795853492e+00
7.964529651065857863e+00
7.928836571259387789e+00
7.869882951386121483e+00
7.869882951386121483e+00
7.858473086318547018e+00
7.869882951386121483e+00
7.869882951386121483e+00
7.822615602067596541e+00
7.775386494429946005e+00
7.694285242866685692e+00
7.636189860823080267e+00
7.558335837621457998e+00
7.520685301040868964e+00
7.463286743259033074e+00
7.463286743259033074e+00
7.415817408574103098e+00
7.436186082919597595e+00
7.378468938262618515e+00
7.406131318118166718e+00
7.378468938262618515e+00
7.358637307088464752e+00
7.406131318118166718e+00
7.358637307088464752e+00
7.301707243619708798e+00
7.267217149306781643e+00
7.163971101706936295e+00
6.455204626762765407e+00
7.163971101706936295e+00
7.539839713210479744e+00
7.219510592343467259e+00
7.188620966702160331e+00
7.578321466972040454e+00
7.076607664089824112e+00
7.053747293122278883e+00
6.999076442734077474e+00
6.992480114341159236e+00
7.012922638303515477e+00
7.045683533648299246e+00
7.082995176749739663e+00
6.840240205049748390e+00
6.814139737511043293e+00
6.626505480772737045e+00
6.615276318278700884e+00
6.777925313312430866e+00
6.840050425190217886e+00
6.987939340776409658e+00
6.697962485255684939e+00
7.388716680910378365e+00
6.701406412446702987e+00
6.701406412446702987e+00
6.701406412446702987e+00
6.751678035115786791e+00
8.153380584950447485e+00
8.153380584950447485e+00
8.102210881919042151e+00
8.153380584950447485e+00
7.882996380679581527e+00
7.922128796511851867e+00
8.001729910014763192e+00
8.153981817436296353e+00
7.088422350942571448e+00
8.153380584950447485e+00
8.153380584950447485e+00
8.153380584950447485e+00
8.153380584950447485e+00
7.962735372674466738e+00
8.009147731065644038e+00
8.009147731065644038e+00
7.960481325348120585e+00
7.960481325348120585e+00
7.960481325348120585e+00
7.911835537677534447e+00
7.909891103843611937e+00
7.909891103843611937e+00
7.909891103843611937e+00
7.861254289842304566e+00
7.861254289842304566e+00
7.861254289842304566e+00
7.909891103843611937e+00
7.909891103843611937e+00
7.958548776669231550e+00
8.007226928059495208e+00
8.055925186787524339e+00
8.124373541169827462e+00
8.083068744869795097e+00
8.146117780469305458e+00
8.049832477063350922e+00
8.049832477063350922e+00
8.148662725353451819e+00
7.817800945494827403e+00
7.674163354461527753e+00
7.522296058416324982e+00
7.379081595530952775e+00
7.331412354353497030e+00
5.173631106935981272e+00
5.173631106935981272e+00
5.216270629558635186e+00
5.216270629558635186e+00
5.259045809060348020e+00
5.259045809060348020e+00
5.259045809060348020e+00
5.259045809060348020e+00
5.259045809060348020e+00
5.681284230478547137e+00
5.726775473205305111e+00
5.693905271743129326e+00
5.681284230478547137e+00
5.603375133802587449e+00
5.585387271458279734e+00
5.528256068805780465e+00
5.480750135903791787e+00
5.544925695250124242e+00
5.457491521082100228e+00
5.518368325494767745e+00
5.518368325494767745e+00
5.436459958024066452e+00
5.512001155856461665e+00
5.501152223746827552e+00
5.525143466017745197e+00
5.518368325494767745e+00
8.080074984550602579e+00
5.590549718410272817e+00
5.645976850800675351e+00
7.707277745938551305e+00
7.557119355831426688e+00
7.514355431769645932e+00
8.008643483514392258e+00
8.099722805673861714e+00
8.181630612044257234e+00
8.099722805673861714e+00
7.966408812965174668e+00
8.008643483514392258e+00
8.084515763112248621e+00
8.008643483514392258e+00
7.938490805336609668e+00
8.390474556819521368e+00
8.296901955213185076e+00
8.249319452287268817e+00
8.286080112712850720e+00
8.180173251917759458e+00
8.150031019689748746e+00
8.112013933757989292e+00
8.122618005502213023e+00
8.026681597056903428e+00
8.066058483783956845e+00
8.009735709661613967e+00
8.009735709661613967e+00
7.953654712628942747e+00
7.987748489501385940e+00
8.284389899355693032e+00
7.738813324993254916e+00
8.303245533760115649e+00
8.313119911545596707e+00
8.323290594290011057e+00
8.333756497143975039e+00
8.378549715480728466e+00
8.378549715480728466e+00
8.378549715480728466e+00
8.378549715480728466e+00
7.873677297824451138e+00
8.106769892221674212e+00
8.165563375845414029e+00
8.355569494497158800e+00
8.188493857640573026e+00
8.284389899355693032e+00
8.275410677725577813e+00
5.826095615670107364e+00
6.255478967757251318e+00
6.261182525372934293e+00
8.052105439817086818e+00
6.093696527063149126e+00
5.737651590107526012e+00
8.173165856586532385e+00
8.165948218078080245e+00
8.054333845698035788e+00
6.255478967757251318e+00
6.313838968673828766e+00
6.234510942563670000e+00
6.183598561610260447e+00
8.153380584950447485e+00
5.781823795375258257e+00
5.826095615670107364e+00
5.959486541185541775e+00
5.914929149181118895e+00
6.004134901896316379e+00
6.138605926602195950e+00
6.228672628340656381e+00
6.228672628340656381e+00
6.845485332014744628e+00
7.032936658053860590e+00
7.040286761790361503e+00
7.156452116378415163e+00
7.150067850601971919e+00
7.281106954213695914e+00
7.475017622739736467e+00
7.571925688197748805e+00
7.871031731134635834e+00
8.016826340916047400e+00
8.165948218078080245e+00
8.068644616811630144e+00
8.165948218078080245e+00
7.378209176784382706e+00
7.080823142351969857e+00
6.985451322099329730e+00
7.032936658053860590e+00
7.129102691407069869e+00
7.276221166543373364e+00
5.088772661747724690e+00
5.046560811620805609e+00
5.131130623105783606e+00
8.250752910414529850e+00
5.131130623105783606e+00
5.216270629558635186e+00
5.173631106935981272e+00
5.119834120358222940e+00
7.762393627920386230e+00
7.713811369372146842e+00
7.715472944636363017e+00
5.088772661747724690e+00
5.088772661747724690e+00
5.046560811620805609e+00
5.131130623105783606e+00
5.131130623105783606e+00
5.216270629558635186e+00
5.131130623105783606e+00
5.173631106935981272e+00
5.131130623105783606e+00
5.216270629558635186e+00
5.259045809060348020e+00
5.173631106935981272e+00
5.173631106935981272e+00
5.070098028239864441e+00
5.027729391922121316e+00
5.046560811620805609e+00
7.668929596647974911e+00
5.004498769975012529e+00
7.571925688197748805e+00
5.004498769975012529e+00
5.046560811620805609e+00
7.229292213920103016e+00
8.191338618219619505e+00
8.128648250754592297e+00
7.954492830363224520e+00
7.821616447548717765e+00
7.683736969483770274e+00
7.491560150033701682e+00
7.375867474661812473e+00
7.311390410163900455e+00
7.199440336946164365e+00
7.289949411231010146e+00
7.236181328177881511e+00
7.249124042699627068e+00
6.946499494021342258e+00
6.943915576705535386e+00
7.048957575926532826e+00
6.845485332014744628e+00
6.745979953897197845e+00
8.148977334303790343e+00
5.914929149181118895e+00
5.870464797267086254e+00
5.914929149181118895e+00
8.153380584950447485e+00
8.155266964584281908e+00
8.181630612044257234e+00
8.148662725353451819e+00
8.202285460678693241e+00
8.202285460678693241e+00
8.196657481966811432e+00
8.186329471956392823e+00
7.978817192218925491e+00
8.202285460678693241e+00
8.221017563804958073e+00
8.227875316258550953e+00
8.214466186692513716e+00
8.214466186692513716e+00
8.191338618219619505e+00
8.097961926040504466e+00
8.170628543813826639e+00
8.390474556819521368e+00
8.308018287051220696e+00
8.303245533760115649e+00
8.284389899355693032e+00
8.303245533760115649e+00
8.275410677725577813e+00
8.258354303143375930e+00
8.186787423613855808e+00
8.117744168448853159e+00
8.142828417628734883e+00
8.169400927735528839e+00
8.162808123802197002e+00
8.165948218078080245e+00
8.173165856586532385e+00
8.089271034864177423e+00
8.138561156058651491e+00
8.265324491170439103e+00
8.366914291682494564e+00
8.366914291682494564e+00
8.366914291682494564e+00
8.313119911545596707e+00
8.258354303143375930e+00
8.221017563804958073e+00
8.250279015100701940e+00
8.266731829986657232e+00
8.250279015100701940e+00
8.227875316258550953e+00
8.214466186692513716e+00
8.260499817168586389e+00
8.295804900111047431e+00
8.137789411383646865e+00
8.173165856586532385e+00
8.165948218078080245e+00
8.165948218078080245e+00
8.169400927735528839e+00
8.169400927735528839e+00
8.173165856586532385e+00
7.934485390717354036e+00
8.177242573379469803e+00
8.181630612044257234e+00
8.173165856586532385e+00
8.165948218078080245e+00
8.162808123802197002e+00
8.162808123802197002e+00
8.165948218078080245e+00
8.173165856586532385e+00
8.173165856586532385e+00
8.177242573379469803e+00
8.177242573379469803e+00
8.181630612044257234e+00
8.186329471956392823e+00
8.181630612044257234e+00
7.209841120244712798e+00
7.076182351001331305e+00
7.093614244710908956e+00
7.037486036210887974e+00
