# Radius of the maximum first term in the reconnection rate during the 2023/10/10 - 2023/10/11 storm
8.218522416890550630e+00
8.218522416890550630e+00
8.218522416890550630e+00
8.218522416890550630e+00
8.218522416890550630e+00
8.218522416890550630e+00
8.218522416890550630e+00
8.218522416890550630e+00
8.218522416890550630e+00
8.230367627715903467e+00
8.218522416890550630e+00
8.246238405624296774e+00
8.230367627715903467e+00
8.230367627715903467e+00
8.230367627715903467e+00
8.238151241216529641e+00
8.238151241216529641e+00
8.246238405624296774e+00
8.246238405624296774e+00
8.246238405624296774e+00
8.254628228761182740e+00
8.246238405624296774e+00
8.246238405624296774e+00
8.254628228761182740e+00
8.254628228761182740e+00
8.254628228761182740e+00
8.254628228761182740e+00
8.272312134505872550e+00
8.272312134505872550e+00
8.260527070367343683e+00
8.291195235914649686e+00
8.281604286227238987e+00
8.269832464036738884e+00
8.301083947887910597e+00
8.272312134505872550e+00
8.251521881491896693e+00
8.242817881321871099e+00
8.242817881321871099e+00
8.226317238153173506e+00
8.234416024951116242e+00
8.226317238153173506e+00
8.226317238153173506e+00
8.226317238153173506e+00
8.230367627715903467e+00
8.218522416890550630e+00
8.218522416890550630e+00
8.218522416890550630e+00
8.218522416890550630e+00
8.218522416890550630e+00
8.218522416890550630e+00
8.218522416890550630e+00
8.218522416890550630e+00
8.218522416890550630e+00
8.218522416890550630e+00
8.218522416890550630e+00
8.218522416890550630e+00
8.206972494771944682e+00
8.184763485053256460e+00
8.195719109778353939e+00
8.195719109778353939e+00
8.218522416890550630e+00
6.027870159816964168e+00
6.027870159816964168e+00
5.981283066677264060e+00
5.934756833661115394e+00
5.934756833661115394e+00
5.888292903423978153e+00
5.841892762555455754e+00
5.749290024615500982e+00
5.720147145207506334e+00
5.674156629750821246e+00
5.382561293095469601e+00
5.403952102709273397e+00
5.360510203539319285e+00
5.269129691728068998e+00
5.275451041652096329e+00
5.317671617391697581e+00
5.366246196684873127e+00
5.311883171647087565e+00
5.306571549642382202e+00
5.220621330545455407e+00
5.220621330545455407e+00
5.214725158218838530e+00
5.263287860934895868e+00
5.409168101115876759e+00
5.598798000981616063e+00
6.416991168142265778e+00
6.483768702417155971e+00
6.061457132456443020e+00
6.037687548703211782e+00
6.132969233588180913e+00
6.486140677401093235e+00
6.092707346545831015e+00
7.192115451568096951e+00
7.219510592343467259e+00
7.205648148439248502e+00
5.536859891231164177e+00
5.431742173637994497e+00
5.547159466546852435e+00
5.465761226250272387e+00
5.554888424530049384e+00
7.293548498426243754e+00
7.267217149306781643e+00
6.188778220170918942e+00
1.254110330681853736e+00
1.254110330681853736e+00
1.254110330681853736e+00
1.254110330681853736e+00
1.257134582219051833e+00
1.257134582219051833e+00
1.257134582219051833e+00
1.257134582219051833e+00
1.257134582219051833e+00
1.257134582219051833e+00
1.257134582219051833e+00
1.256050530297850854e+00
1.256050530297850854e+00
1.256050530297850854e+00
1.256050530297850854e+00
1.256050530297850854e+00
5.263803132020172804e+00
5.218642008930338250e+00
5.218642008930338250e+00
5.263803132020172804e+00
5.263803132020172804e+00
5.263803132020172804e+00
5.263803132020172804e+00
5.309056931208878893e+00
5.309056931208878893e+00
5.309056931208878893e+00
5.309056931208878893e+00
5.309056931208878893e+00
5.263803132020172804e+00
5.218642008930338250e+00
5.098033931124597906e+00
5.051390993340826086e+00
5.023399733132630551e+00
4.998498055436035870e+00
4.988229660065280235e+00
5.008394804962060576e+00
4.978455067221585928e+00
4.924087691742434991e+00
4.844130220663757314e+00
4.842542250146246730e+00
4.797683943742262258e+00
4.846246705284046108e+00
4.846246705284046108e+00
4.846246705284046108e+00
4.846246705284046108e+00
4.846246705284046108e+00
4.846246705284046108e+00
4.842542250146246730e+00
4.842542250146246730e+00
4.842542250146246730e+00
4.842542250146246730e+00
4.840953758729270362e+00
4.841483313777626307e+00
4.841483313777626307e+00
8.242506854180192022e+00
8.242506854180192022e+00
8.242506854180192022e+00
8.242506854180192022e+00
8.242506854180192022e+00
8.242506854180192022e+00
8.242506854180192022e+00
8.242506854180192022e+00
8.242506854180192022e+00
8.242506854180192022e+00
8.326997538051644554e+00
8.242506854180192022e+00
8.326997538051644554e+00
8.326997538051644554e+00
8.326997538051644554e+00
8.326997538051644554e+00
8.326997538051644554e+00
8.326997538051644554e+00
8.326997538051644554e+00
8.230367627715903467e+00
8.242506854180192022e+00
8.242506854180192022e+00
8.230367627715903467e+00
8.242506854180192022e+00
8.242506854180192022e+00
8.242506854180192022e+00
5.070300175939280507e+00
5.117265476822709047e+00
5.091650950845147072e+00
5.000198034823888804e+00
4.987005068436366706e+00
4.943477339881415134e+00
4.897462918790716380e+00
4.894844851858879409e+00
4.855759469975322595e+00
4.852062277653702793e+00
4.873498441041984819e+00
4.894844851858879409e+00
5.083739369464788105e+00
5.173575988901517597e+00
5.218642008930338250e+00
5.218642008930338250e+00
5.263803132020172804e+00
5.263803132020172804e+00
5.263803132020172804e+00
5.218642008930338250e+00
8.089148355739345320e+00
8.089148355739345320e+00
8.094534368294880267e+00
8.100233301657770113e+00
8.106244495849866283e+00
8.106244495849866283e+00
8.112567256740563337e+00
8.112567256740563337e+00
8.112567256740563337e+00
8.112567256740563337e+00
8.112567256740563337e+00
8.119200856439880098e+00
8.119200856439880098e+00
8.126144533708542284e+00
8.119200856439880098e+00
8.126144533708542284e+00
8.093211760736247484e+00
8.059063036626280763e+00
7.879947006315703995e+00
7.905931665333010727e+00
7.666701850285582154e+00
6.557678590152247189e+00
6.453647599069373797e+00
7.901066051200499984e+00
8.266731829986657232e+00
8.300477879228033373e+00
7.928857380156754786e+00
8.009735709661612191e+00
6.696109625366867490e+00
7.028259673274737551e+00
6.509808577294712961e+00
8.133834700768428405e+00
1.247962568039010289e+00
1.254110330681853736e+00
1.254110330681853736e+00
6.593927105937035904e+00
6.848527090651868932e+00
1.254110330681853736e+00
6.579924722014172112e+00
1.254110330681853736e+00
1.254110330681853736e+00
1.254110330681853736e+00
6.557678590152247189e+00
8.230531189760755595e+00
1.254110330681853736e+00
7.952611388341373377e+00
1.257134582219051833e+00
1.257134582219051833e+00
1.257134582219051833e+00
1.257134582219051833e+00
1.257134582219051833e+00
1.257134582219051833e+00
1.262158898458486167e+00
8.192915131748447877e+00
1.256050530297850854e+00
1.262158898458486167e+00
1.256050530297850854e+00
1.256050530297850854e+00
1.256050530297850854e+00
1.256050530297850854e+00
1.256050530297850854e+00
1.256050530297850854e+00
8.112567256740563337e+00
8.106244495849866283e+00
8.100233301657770113e+00
8.094534368294880267e+00
8.100233301657770113e+00
8.100233301657770113e+00
8.100233301657770113e+00
8.112567256740563337e+00
8.106244495849866283e+00
8.106244495849866283e+00
8.112567256740563337e+00
8.084226493079453846e+00
8.084226493079453846e+00
8.076929377707127600e+00
8.084226493079453846e+00
8.084226493079453846e+00
8.084226493079453846e+00
8.084226493079453846e+00
