# Maximum of first term in the reconnection rate during the 2023/10/10 - 2023/10/11 storm
2.419345332212263222e-01
2.614570420451375332e-01
2.768476383020085363e-01
2.813328504791141049e-01
3.095486495729726228e-01
2.978530336945610091e-01
3.020498848474703069e-01
2.924269893963393763e-01
2.912418304797499968e-01
2.912422680863221425e-01
2.792198953727849098e-01
2.794911809858524609e-01
2.740937643084015440e-01
2.896523550481261977e-01
2.930250648130998115e-01
3.032630211941224618e-01
2.973626882438643593e-01
2.943344186599553547e-01
2.927911167476079934e-01
2.966919041929724776e-01
2.955955893541267199e-01
2.794158362592091827e-01
2.832163752534950785e-01
2.873346469619418309e-01
3.071816957574238227e-01
2.951183671605435710e-01
2.964728820975073842e-01
3.118678369631693870e-01
3.078491982363236734e-01
3.037025112540401861e-01
2.849963401781726580e-01
2.810840454313657255e-01
2.765869642624960156e-01
2.771131354313161599e-01
3.063792944043434163e-01
3.339260376392089724e-01
3.526607803803250563e-01
3.350030377892531663e-01
3.310881035635894754e-01
3.070136740915442308e-01
3.296894167346260951e-01
3.342585227516535751e-01
3.459196920481396043e-01
3.506625744088976426e-01
3.560200273146851280e-01
3.651526201756814527e-01
3.565066278208769424e-01
3.488191002472914026e-01
3.408964811608217738e-01
3.219520924646628313e-01
3.336373920971206775e-01
3.169356844768836390e-01
3.008729626317673267e-01
2.814169998758143665e-01
2.620594566433171457e-01
2.640253703261407625e-01
2.318637127232394124e-01
2.128398430596223079e-01
1.924918204958886714e-01
1.867703425332897793e-01
1.767198956316360370e-01
1.565022151983873067e-01
1.540324280621087338e-01
1.557186765101533643e-01
1.470034649331547483e-01
1.533995108721416811e-01
1.503694598041832586e-01
1.386142949654478596e-01
1.276977093109832873e-01
1.290305341369367698e-01
1.259920780772952886e-01
1.229108215232584955e-01
1.213732962271854843e-01
1.156847406474205836e-01
1.069715469127034274e-01
1.068145004804479103e-01
1.031393335170789488e-01
1.098062354782652766e-01
1.073248770078537861e-01
1.061013067894988754e-01
9.013803195267483526e-02
8.582420120920615514e-02
8.513837399494740554e-02
8.594249058133590635e-02
8.098647096494637765e-02
8.095957280396476330e-02
8.914833036578831416e-02
1.066026567115965079e-01
1.012469853462772823e-01
9.211597399552666487e-02
9.346005294865167290e-02
8.825788852697052933e-02
7.872513949852912030e-02
9.707179935888846090e-02
8.672532354272331767e-02
1.086854349183079688e-01
1.056290197863462565e-01
1.070407550227356758e-01
9.077565752859056980e-02
9.396806098153526188e-02
9.332500311854577402e-02
9.689482106209877654e-02
1.135018289599903224e-01
9.424487585777958920e-02
7.966300672856899134e-02
7.973731677584061650e-02
7.903364671992048340e-02
7.954192668729455351e-02
7.962304119996466145e-02
7.962291904937510156e-02
7.974577718838758711e-02
7.981615246071246950e-02
7.974790277411650252e-02
7.974114733409247424e-02
7.960961167750146839e-02
7.940467238521181637e-02
7.951730786105833115e-02
7.952440408772445957e-02
7.946820856609564110e-02
7.923735797621257737e-02
8.398539412424009531e-02
9.054726769560712818e-02
9.564528514795063441e-02
1.051042677051723662e-01
1.070938691018169381e-01
1.093837988242890025e-01
1.140251135402943899e-01
1.182146688519626204e-01
1.283908027885977687e-01
1.326283753789041231e-01
1.429203162257310644e-01
1.513213427521623300e-01
1.556065139123088692e-01
1.699198685648018459e-01
1.792766145972179426e-01
1.910964896968985194e-01
2.047750143489120156e-01
2.116212066472386022e-01
2.230069595221998435e-01
2.311646590472020979e-01
2.358025765754835357e-01
2.594472201109751519e-01
2.721859438490108474e-01
2.838833649630138067e-01
2.982334896811627001e-01
3.091864177595526897e-01
3.173740295497083919e-01
3.391986928646500421e-01
3.549565436992261902e-01
3.678655942017482472e-01
3.703277431786626828e-01
3.916031261533355901e-01
4.047160125996498437e-01
4.118491280494713802e-01
4.175878473235538624e-01
4.384406922687796304e-01
4.447155819367838436e-01
4.408649834182397642e-01
6.477426097127497728e-01
8.324580730644510762e-01
1.096181381071519967e+00
1.150352639638015706e+00
6.963655740991711030e-01
5.224246094002074070e-01
4.828487547173870853e-01
8.777906068680580987e-01
1.208765001996338739e+00
1.312841628213932132e+00
2.346636904416898428e+00
1.930585697680809121e+00
2.455408165881402649e+00
2.774997781792813534e+00
2.714435461771016023e+00
2.312634768407253461e+00
2.469753917094414941e+00
3.361900345536715129e+00
2.010223835542656268e+00
1.532460542147304539e+00
9.680935559071383034e-01
1.091583903448485771e+00
1.698866123037277687e+00
7.910483091659912258e-01
9.622204788163882805e-01
6.515933178066519726e-01
4.642071154591836946e-01
4.565168227518511812e-01
3.889849861983071810e-01
3.585115528708837651e-01
3.637373482696226179e-01
3.521499589334404767e-01
3.180328968726994221e-01
3.091352009672815315e-01
2.931299942458053254e-01
2.607097088773409066e-01
2.523382675394357233e-01
2.387196315407552338e-01
2.223619660211382243e-01
2.351847494757375590e-01
2.217841670205983606e-01
2.103905694848660912e-01
2.107684795798489830e-01
2.101683119090382024e-01
1.851926770442546555e-01
1.612826013352873233e-01
1.486651386166965016e-01
1.480661627451906881e-01
1.432045393720486892e-01
1.647049280175534036e-01
1.587655966573212341e-01
1.494626756150345126e-01
1.523363361525810200e-01
1.294430509403156904e-01
1.208472539981235855e-01
1.070930402631728728e-01
1.000843869267355468e-01
9.846487386816804577e-02
8.790539370137390174e-02
9.752283556008319032e-02
9.722914845800927075e-02
9.379281666127035899e-02
1.060186764628794492e-01
1.047495181908718459e-01
8.528077630103692020e-02
8.351719068294669035e-02
7.344501895493900367e-02
7.356187603222280602e-02
7.948493339333694008e-02
8.491388957195451781e-02
9.372188791045660272e-02
1.039599953114516556e-01
1.041453951490348140e-01
8.305665659563367387e-02
7.432009048263943374e-02
7.527676973720387466e-02
7.297170393273826050e-02
7.384397926434475845e-02
7.198582180394209884e-02
7.249933334576202926e-02
7.304463107093252250e-02
7.394617919509770265e-02
7.549584652425983533e-02
7.472618084194461441e-02
7.544854312144425035e-02
7.554351514229290521e-02
7.615440461074429734e-02
7.644830286361058158e-02
7.916742550397151690e-02
8.218726509113259693e-02
7.815429919710316364e-02
8.325296701703449598e-02
7.830002068407736215e-02
7.831501297747738011e-02
7.826427991375702053e-02
7.923247252538376251e-02
7.911832545465950772e-02
7.915018462598884252e-02
7.873599205996431594e-02
8.041240403159839734e-02
7.893588694554715124e-02
7.858504339933168603e-02
7.851726419468564588e-02
7.887211837094305900e-02
7.923113434808526367e-02
7.850301910206201883e-02
7.856433593618238065e-02
7.854524133053755741e-02
7.954419051739422541e-02
7.914320928740815886e-02
8.227019300821283854e-02
8.164043032971969593e-02
9.226534840645912727e-02
1.037597312594032289e-01
9.616192928368319515e-02
1.007016841593342260e-01
1.143571269796724854e-01
1.244728261179885581e-01
1.374744704055190780e-01
1.541947619856740836e-01
1.556358961871035507e-01
1.656029033262037542e-01
1.732297925576012643e-01
2.193790889986846071e-01
2.110976789406142917e-01
2.013748130049215213e-01
