# Maximum of second term in the reconnection rate during the 2023/10/10 - 2023/10/11 storm
5.291925987012045503e-04
6.913453151742960604e-04
6.934631750412823155e-04
4.863691873350870637e-04
9.117033510199550007e-04
6.809906640770306942e-04
5.903018027728102477e-04
8.107759996064973097e-04
1.179493783728129694e-03
1.304114900837220238e-03
1.152862128194985817e-03
1.688124307385100711e-03
2.000561488180031215e-03
2.479080211710968026e-03
2.705355679473872565e-03
3.130856221640136369e-03
3.088849966012049714e-03
3.065875961249336229e-03
3.185108701253155667e-03
3.355226425273474637e-03
3.202176063026797477e-03
3.035880378227461419e-03
3.161459376561861264e-03
3.199922272331045744e-03
3.705969814923425545e-03
3.450722215142731138e-03
3.423210816591509137e-03
2.964775358039659341e-03
2.891494921184021086e-03
2.600480428752679259e-03
2.948587899929687103e-03
2.560541592656965550e-03
2.096539557071388279e-03
2.459446444985428394e-03
2.782852084251731181e-03
3.473299419555203518e-03
3.805665028533997390e-03
3.337130305658979681e-03
1.737854127965127258e-03
1.821708565884636033e-03
2.375543975957030828e-03
2.504550703338853223e-03
2.189255839488647628e-03
1.406687988368161401e-03
9.966608243787864960e-04
1.069219417985553663e-03
9.814712656511300360e-04
9.279992861168998020e-04
7.709012577107554566e-04
5.136152624269063041e-04
6.772204909379670075e-04
8.183050902420318032e-04
8.499006463282921062e-04
7.187266872130446517e-04
5.841974540125373675e-04
5.783597674956514204e-04
4.991543939746534908e-04
5.021565028335643046e-04
3.884456905722907154e-04
3.580213090764414489e-04
3.190812937296893647e-04
2.740093938356087905e-04
2.557888701455952917e-04
2.960952050444045410e-04
2.879291534181595519e-04
2.897510817406011427e-04
2.705005648400333768e-04
2.043594390327477240e-04
1.483381876010100321e-04
1.554228255386046838e-04
1.958384005262963105e-04
2.028217485949844240e-04
2.026642975121922602e-04
2.236760448815852556e-04
2.792301555884005564e-04
3.439831802454233669e-04
3.588317011974047127e-04
4.401473930653525095e-04
6.094084179169683693e-04
8.427892946629196450e-04
1.081161193708748232e-03
9.201655522005539696e-04
1.108919979190257183e-03
9.843814130298829661e-04
7.770252957742045889e-04
8.256596565817049191e-03
1.015033609759600358e-02
8.524308796420684148e-03
1.037641430297714037e-02
1.100359739508808762e-02
1.070197676405281080e-02
9.910131259892186739e-03
1.223371557654804979e-02
1.281370834657340717e-02
1.388825961408719778e-02
1.384893043402496415e-02
1.161774994123146963e-02
1.265659749891883540e-02
1.229667612421197521e-02
9.148941838365688348e-03
9.514086724294681247e-03
9.510525753740905336e-03
1.310584313384824395e-02
1.878106443639890322e-02
1.142656506369003726e-02
8.066514449861910199e-03
5.277971921238060020e-03
6.016709585752400002e-03
6.272662856748704129e-03
5.602323737074413855e-03
5.351630631574108565e-03
6.096670426249552362e-03
5.301133728991639163e-03
7.088183103645856291e-03
6.329766827382863302e-03
5.205390677956450371e-03
4.253029317896569496e-03
4.134732839601143288e-03
2.945895940690833412e-03
3.457506351408346813e-03
3.741248400974756406e-03
3.013877965423870930e-03
3.028041792758142964e-03
3.389270627887113613e-03
4.798594836237008235e-03
2.612693153114353361e-03
5.311449860100304551e-03
2.458768311842374470e-03
1.038670593320514899e-03
3.686925150003107776e-03
1.031350086021904332e-03
3.546755639152323692e-04
2.108245473479594906e-04
1.583592506161806465e-04
1.510322651203027189e-04
1.766798261235178543e-04
2.131154728259561175e-04
2.452913452553376859e-04
2.897449915680349653e-04
3.310281223578803137e-04
3.643080737758697270e-04
4.495505854800933387e-04
5.276359064425816241e-04
7.810957936773553793e-04
1.164772571443976456e-03
1.414918210344998182e-03
1.706433024357784491e-03
2.261763944296294338e-03
2.968169011833418029e-03
3.630957447562415709e-03
4.196794114431197376e-03
5.594210649446880457e-03
7.256077144182396590e-03
8.546644940620717543e-03
1.036607988483046958e-02
1.397879993358240418e-02
1.665702146140107809e-02
2.163476126878211697e-02
3.174352701591254960e-02
3.859082632282056363e-02
4.760853459536508459e-02
5.048700627608570385e-02
3.717983088139386466e-02
3.401176178850760790e-02
3.518840947112253370e-02
5.698444355551513657e-02
6.565564450660334173e-02
6.273071770683549819e-02
9.589885690234259408e-02
7.953445731966006516e-02
1.020771594952489952e-01
1.129753783023622477e-01
1.032261664852336669e-01
8.192090995921105789e-02
8.561694242244728692e-02
1.234914445694575286e-01
7.535815378064675274e-02
6.004855107269901210e-02
4.309490960579530350e-02
4.549467381779152136e-02
6.576172757615045272e-02
3.489430449739511914e-02
4.190199987018062427e-02
3.384687802045210220e-02
2.290039869098440747e-02
1.880979408797332081e-02
1.077391781439864145e-02
5.929689910688235033e-03
4.193030049291594612e-03
2.292755102337218180e-03
1.347997208043371677e-03
1.129576338444247645e-03
9.725490840830288038e-04
7.541039798314476406e-04
7.642851785009196304e-04
6.379302297500128371e-04
5.908933545474341588e-04
6.892411300764056436e-04
7.299905721138121853e-04
6.334435961170802043e-04
6.104827626687046394e-04
5.341489542627430665e-04
4.482623407671465412e-04
3.302511594997312324e-04
2.380251507089885547e-04
1.983460436099643688e-04
1.767925448354083946e-04
2.623168742723922886e-04
3.088961671370278150e-04
3.492222130216230715e-04
4.529198719641397593e-04
1.102637073539718430e-03
9.083393419273058916e-04
8.020023554453778935e-04
1.151940452316079508e-03
2.633203219420280315e-03
1.499515214587639200e-03
5.076570314748587304e-03
8.664507464103786763e-03
9.246448750462049268e-03
7.049532958058794471e-03
8.150913401086850446e-03
7.656615129643726606e-03
6.928024309450279278e-03
6.393464908947918413e-03
5.746871182496959135e-03
5.787488178499192344e-03
5.802283424165459794e-03
5.730091727131288865e-03
7.816420173956039816e-03
5.596288352811576439e-03
6.220641809722197990e-03
3.995574398902096251e-03
3.586400469287788755e-03
7.606222278188981556e-03
3.867159600028355782e-03
2.515739651257367822e-03
2.513495357897171240e-03
2.615216376893345594e-03
3.777217957689833934e-03
5.910783489419656894e-03
4.995581480522657061e-03
4.411755202371174349e-03
4.208140997852488976e-03
6.193824558141351397e-03
6.785963313340886115e-03
4.893268473021313188e-03
6.746117920798258213e-03
7.446120636071563124e-03
6.240756896698395305e-03
4.169427176255179578e-03
2.190293499420291421e-03
1.555094396932467718e-03
2.347685974362177276e-03
3.257085694933759250e-03
3.227196166085676780e-03
5.744065956433481480e-03
5.481729073252421779e-03
4.656531920796240683e-03
5.367401391663395235e-03
4.016534263442147860e-03
4.481481416548279209e-03
2.434193557845269838e-03
3.301120339290490504e-03
4.102047088150545182e-03
3.503533793702099351e-03
1.487597458154776061e-03
1.399952351455782543e-03
2.382220251277369569e-03
1.607805350509472703e-03
1.299212725545603308e-03
8.445947384115762941e-04
5.749392546249458081e-04
1.743867912763916173e-03
2.535286328391755831e-04
2.810070817951245488e-04
2.801362082535614794e-04
2.586649772348156135e-04
2.102252649994953027e-04
2.686859108673198362e-04
3.323419771964868639e-04
6.156856237016651145e-04
6.492927837386783295e-04
6.619752953381100643e-04
