# Radius of the maximum second term in the reconnection rate during the 2023/10/10 - 2023/10/11 storm
8.098812919793996201e+00
8.097546614629246520e+00
8.097546614629246520e+00
8.097546614629246520e+00
8.326997538051644554e+00
8.326997538051644554e+00
8.326997538051644554e+00
8.097546614629246520e+00
8.095963454644103052e+00
8.095963454644103052e+00
8.096596755785553157e+00
8.095646785495320685e+00
8.095646785495320685e+00
8.095646785495320685e+00
8.095646785495320685e+00
8.095646785495320685e+00
8.095646785495320685e+00
8.096596755785553157e+00
8.095963454644103052e+00
8.095963454644103052e+00
8.096596755785553157e+00
8.096596755785553157e+00
8.096596755785553157e+00
8.096596755785553157e+00
8.338996099805521922e+00
8.095963454644103052e+00
8.095646785495320685e+00
8.338996099805521922e+00
8.338996099805521922e+00
8.095646785495320685e+00
8.338996099805521922e+00
8.095963454644103052e+00
8.095646785495320685e+00
8.338996099805521922e+00
8.338996099805521922e+00
8.338996099805521922e+00
8.338996099805521922e+00
8.338996099805521922e+00
8.326997538051644554e+00
8.095646785495320685e+00
8.326997538051644554e+00
8.326997538051644554e+00
8.326997538051644554e+00
8.326997538051644554e+00
8.326997538051644554e+00
8.326997538051644554e+00
8.326997538051644554e+00
8.326997538051644554e+00
8.326997538051644554e+00
8.175373073067230933e+00
8.326997538051644554e+00
8.116520447951950601e+00
8.326997538051644554e+00
8.096596755785553157e+00
8.104508844563051539e+00
8.326997538051644554e+00
8.096596755785553157e+00
8.097546614629246520e+00
8.104508844563051539e+00
8.116520447951950601e+00
8.034603050306438732e+00
8.076929377707127600e+00
8.338996099805521922e+00
8.338996099805521922e+00
8.338996099805521922e+00
8.338996099805521922e+00
8.338996099805521922e+00
8.338996099805521922e+00
8.338996099805521922e+00
8.269832464036738884e+00
8.299539613299138807e+00
8.343287495950612254e+00
8.315289978605482801e+00
8.047347650440970668e+00
8.047347650440970668e+00
8.189076810139139795e+00
8.283743778440573635e+00
8.141796954382957807e+00
7.905959602065123271e+00
7.858909238480819681e+00
7.953049926358503718e+00
7.905959602065123271e+00
7.905959602065123271e+00
7.905959602065123271e+00
7.718005217114851213e+00
7.725314743774461590e+00
7.839700995767800329e+00
7.597276642652920131e+00
7.467223664648787285e+00
7.473302586079926257e+00
7.890420411406211976e+00
7.902108583934600361e+00
7.716017182088120485e+00
7.627700374043921094e+00
7.807587855842077929e+00
7.731285843387091461e+00
7.598179455699591855e+00
7.331412354353497030e+00
7.665251459710223259e+00
7.597276642652920131e+00
7.437388871323161510e+00
7.341463599503321724e+00
7.530165367734990234e+00
7.871227264298711113e+00
8.214477939154168240e+00
7.323282313577762714e+00
7.837538196153516878e+00
8.023858611410878083e+00
7.906325066483843145e+00
7.779219201810569473e+00
8.004344859296843140e+00
7.857139936522313128e+00
8.001918232146747911e+00
8.128332854962543763e+00
8.117771900910668137e+00
7.982535596736549444e+00
7.694960498017541894e+00
7.905352231660162765e+00
7.787330435460379618e+00
7.982535596736549444e+00
7.680954820977689224e+00
7.640574674294158264e+00
7.688961188890981013e+00
7.643572334062413987e+00
8.177242573379469803e+00
8.130079248633949263e+00
8.189569948071452998e+00
8.355569494497158800e+00
8.331910528390025661e+00
8.186329471956392823e+00
8.343594766257405482e+00
8.301083947887910597e+00
8.272312134505872550e+00
8.254628228761182740e+00
8.338996099805521922e+00
8.338996099805521922e+00
8.338996099805521922e+00
8.338996099805521922e+00
8.338996099805521922e+00
8.338996099805521922e+00
8.338996099805521922e+00
8.338996099805521922e+00
8.338996099805521922e+00
8.326997538051644554e+00
8.326997538051644554e+00
8.326997538051644554e+00
8.326997538051644554e+00
8.326997538051644554e+00
8.326997538051644554e+00
8.326997538051644554e+00
8.326997538051644554e+00
8.326997538051644554e+00
8.326997538051644554e+00
8.326997538051644554e+00
8.338996099805521922e+00
8.338996099805521922e+00
8.338996099805521922e+00
8.338996099805521922e+00
8.338996099805521922e+00
8.338996099805521922e+00
8.338996099805521922e+00
8.338996099805521922e+00
8.338996099805521922e+00
8.338996099805521922e+00
8.338996099805521922e+00
8.338996099805521922e+00
8.338996099805521922e+00
8.338996099805521922e+00
8.338996099805521922e+00
8.338996099805521922e+00
8.338996099805521922e+00
8.338996099805521922e+00
8.292752765984909402e+00
8.338996099805521922e+00
8.281925501815710078e+00
8.271394016786562275e+00
8.338996099805521922e+00
8.338996099805521922e+00
8.338996099805521922e+00
8.338996099805521922e+00
8.338996099805521922e+00
8.338996099805521922e+00
8.338996099805521922e+00
8.338996099805521922e+00
8.338996099805521922e+00
8.338996099805521922e+00
8.338996099805521922e+00
8.326997538051644554e+00
8.326997538051644554e+00
8.326997538051644554e+00
8.338996099805521922e+00
8.338996099805521922e+00
8.338996099805521922e+00
8.338996099805521922e+00
8.338996099805521922e+00
8.338996099805521922e+00
8.338996099805521922e+00
8.326997538051644554e+00
8.326997538051644554e+00
8.326997538051644554e+00
8.326997538051644554e+00
8.326997538051644554e+00
8.326997538051644554e+00
8.326997538051644554e+00
8.326997538051644554e+00
8.326997538051644554e+00
8.354955823372570478e+00
8.354955823372570478e+00
8.354955823372570478e+00
8.354955823372570478e+00
8.354955823372570478e+00
8.281604286227238987e+00
8.202285460678693241e+00
8.190399636650196769e+00
7.790745138299882022e+00
8.321750380769413979e+00
8.291195235914649686e+00
8.295665887720636178e+00
8.105821114183028087e+00
8.105504830157295615e+00
8.260499817168586389e+00
8.201769558345844757e+00
8.022975639316582530e+00
8.000255863744934359e+00
8.063197443504273920e+00
7.283988867518232269e+00
7.573676730142789637e+00
7.419009889093485910e+00
7.823373769782844711e+00
8.225070563162814707e+00
7.548153359021569031e+00
7.957199539126698973e+00
6.925906745847200341e+00
6.889163468258657552e+00
8.089271034864177423e+00
8.093528525158335540e+00
6.876075607974719617e+00
6.816633752788868073e+00
6.856711378918707744e+00
8.126925295260621240e+00
7.925562499225415003e+00
7.311181028000631521e+00
7.493613132672771293e+00
7.007916355940595032e+00
7.886247889340583406e+00
8.102210881919042151e+00
7.423923508240805269e+00
7.550284084449311095e+00
7.624282702492591213e+00
8.255870440407210964e+00
7.041073792109514784e+00
7.503869620744359814e+00
7.306108543964146662e+00
6.926226427855510792e+00
7.267291789676449731e+00
7.101497976122550959e+00
7.956555142686680959e+00
8.138876155486020281e+00
8.209158861538021768e+00
7.281106954213695914e+00
7.128225014844240981e+00
7.152998065082151413e+00
7.109007826762770321e+00
7.632160047414592086e+00
7.500794146904766535e+00
8.158382367058541362e+00
7.781525754878876100e+00
7.663913517704981082e+00
8.155581318770101618e+00
8.162179959982925226e+00
8.165006316594993763e+00
8.299539613299138807e+00
8.272312134505872550e+00
8.313119911545596707e+00
8.354955823372570478e+00
8.354955823372570478e+00
8.354955823372570478e+00
8.354955823372570478e+00
8.354955823372570478e+00
8.326997538051644554e+00
8.326997538051644554e+00
8.326997538051644554e+00
8.326997538051644554e+00
8.326997538051644554e+00
