# Radius of the maximum third term in the reconnection rate during the 2023/10/10 - 2023/10/11 storm
8.007755363876544408e+00
8.007755363876544408e+00
8.007755363876544408e+00
8.010636205607070792e+00
8.289339789118367108e+00
8.344516509290061279e+00
8.007755363876544408e+00
8.005193745327868982e+00
8.005193745327868982e+00
8.015755145555353067e+00
8.007755363876544408e+00
8.168471243037194185e+00
8.182582398165752835e+00
8.182582398165752835e+00
8.182582398165752835e+00
8.182582398165752835e+00
8.182582398165752835e+00
8.091833858513108879e+00
8.091833858513108879e+00
8.091833858513108879e+00
8.218522416890550630e+00
8.091833858513108879e+00
8.091833858513108879e+00
8.091833858513108879e+00
8.218522416890550630e+00
8.091833858513108879e+00
8.091833858513108879e+00
8.050859751047262591e+00
8.050859751047262591e+00
8.039068947586127223e+00
8.175373073067230933e+00
8.168471243037194185e+00
8.168471243037194185e+00
8.218522416890550630e+00
8.048311851784550441e+00
8.030134669352907650e+00
8.021510048318564401e+00
8.021510048318564401e+00
8.002951656495961075e+00
8.013196084337383951e+00
8.002951656495961075e+00
8.005193745327868982e+00
8.005193745327868982e+00
8.005193745327868982e+00
8.007755363876544408e+00
8.005193745327868982e+00
8.218522416890550630e+00
8.218522416890550630e+00
8.218522416890550630e+00
8.218522416890550630e+00
8.218522416890550630e+00
8.338996099805521922e+00
8.338996099805521922e+00
8.338996099805521922e+00
8.338996099805521922e+00
8.338996099805521922e+00
8.338996099805521922e+00
8.338996099805521922e+00
8.338996099805521922e+00
8.338996099805521922e+00
8.338996099805521922e+00
8.239407653916748231e+00
7.401393225493569261e+00
7.549542724161339535e+00
7.648816667945716574e+00
7.599175240541662824e+00
7.499577458686588649e+00
5.766209878036414160e+00
5.766209878036414160e+00
5.720147145207506334e+00
5.582399387697074111e+00
7.602210914421588583e+00
7.799436398375574342e+00
7.849101386727242335e+00
7.951358198208943406e+00
8.001029366001514376e+00
8.002951656495961075e+00
8.002951656495961075e+00
7.905911873547994517e+00
5.263803132020172804e+00
7.856283791630152891e+00
7.908505650232811490e+00
7.858893947756756759e+00
8.013835926253062070e+00
8.013835926253062070e+00
7.997183398824418532e+00
7.999427104390531618e+00
8.427376208788880163e+00
8.416417525343172557e+00
8.368607056123032351e+00
8.002951656495961075e+00
8.368300704226637521e+00
8.405139545177965132e+00
8.405139545177965132e+00
8.394457239976237162e+00
8.405749552584749651e+00
8.357878058434881297e+00
8.368607056123030574e+00
8.368300704226637521e+00
8.357878058434881297e+00
8.357878058434881297e+00
8.357878058434881297e+00
8.405749552584749651e+00
8.394151831504915506e+00
8.107027173910418938e+00
8.001029366001514376e+00
8.125978870539260157e+00
5.841892762555455754e+00
5.841892762555455754e+00
5.841892762555455754e+00
8.169400927735528839e+00
7.997183398824418532e+00
7.997183398824418532e+00
7.996542224459807002e+00
8.095646785495320685e+00
8.162808123802197002e+00
5.841892762555455754e+00
5.795557943178653915e+00
5.795557943178653915e+00
5.656961453689055119e+00
5.656961453689055119e+00
5.656961453689055119e+00
5.610904211934307995e+00
5.610904211934307995e+00
5.656961453689055119e+00
5.656961453689055119e+00
5.703090635120941165e+00
5.656961453689055119e+00
5.656961453689055119e+00
5.703090635120941165e+00
5.656961453689055119e+00
5.610904211934307995e+00
5.564920696051226301e+00
5.519012748856005679e+00
5.427431227754349941e+00
5.381761642183271910e+00
5.336175606687437067e+00
5.290675280944355130e+00
5.290675280944355130e+00
5.290675280944355130e+00
5.245262895436603401e+00
6.511777378733130561e+00
8.338996099805521922e+00
8.338996099805521922e+00
8.338996099805521922e+00
8.338996099805521922e+00
8.338996099805521922e+00
8.338996099805521922e+00
8.338996099805521922e+00
8.338996099805521922e+00
8.338996099805521922e+00
8.338996099805521922e+00
8.338996099805521922e+00
8.338996099805521922e+00
8.338996099805521922e+00
8.338996099805521922e+00
8.338996099805521922e+00
8.338996099805521922e+00
8.338996099805521922e+00
8.338996099805521922e+00
8.338996099805521922e+00
8.338996099805521922e+00
8.338996099805521922e+00
8.338996099805521922e+00
8.338996099805521922e+00
8.338996099805521922e+00
8.338996099805521922e+00
8.338996099805521922e+00
8.338996099805521922e+00
8.338996099805521922e+00
8.338996099805521922e+00
8.338996099805521922e+00
8.338996099805521922e+00
8.338996099805521922e+00
8.338996099805521922e+00
8.338996099805521922e+00
8.338996099805521922e+00
8.338996099805521922e+00
8.338996099805521922e+00
8.338996099805521922e+00
8.338996099805521922e+00
8.338996099805521922e+00
8.338996099805521922e+00
8.338996099805521922e+00
8.338996099805521922e+00
8.338996099805521922e+00
8.338996099805521922e+00
8.338996099805521922e+00
8.338996099805521922e+00
8.242506854180192022e+00
8.242506854180192022e+00
8.242506854180192022e+00
8.194299574815008924e+00
7.857588436034320445e+00
8.242506854180192022e+00
8.242506854180192022e+00
8.338996099805521922e+00
8.338996099805521922e+00
8.338996099805521922e+00
8.338996099805521922e+00
8.338996099805521922e+00
8.338996099805521922e+00
8.013835926253062070e+00
8.007755363876544408e+00
8.002951656495961075e+00
8.002951656495961075e+00
8.005193745327868982e+00
8.005193745327868982e+00
8.007755363876544408e+00
8.007755363876544408e+00
8.295665887720636178e+00
8.295665887720636178e+00
8.343287495950612254e+00
8.343287495950612254e+00
8.343287495950612254e+00
8.343287495950612254e+00
8.343287495950612254e+00
8.331910528390025661e+00
8.320826115809621726e+00
8.310035428890449438e+00
8.357878058434881297e+00
8.347442398901256055e+00
8.337301179021523012e+00
8.327455474506310296e+00
8.317906334738852436e+00
8.308654782245104897e+00
8.308654782245104897e+00
8.299701812173273296e+00
8.291048391783293781e+00
8.291048391783293781e+00
8.282695459946870287e+00
8.282695459946870287e+00
8.274643926658644233e+00
8.266894672559052637e+00
8.266894672559052637e+00
8.266894672559052637e+00
8.266894672559052637e+00
8.266894672559052637e+00
8.266894672559052637e+00
8.266894672559052637e+00
8.266894672559052637e+00
8.266894672559052637e+00
8.266894672559052637e+00
8.266894672559052637e+00
8.266894672559052637e+00
8.266894672559052637e+00
8.315289978605482801e+00
8.266894672559052637e+00
8.315289978605482801e+00
8.266894672559052637e+00
8.266894672559052637e+00
6.261670921243874588e+00
8.145625958381291554e+00
5.934756833661115394e+00
5.888292903423978153e+00
6.183757142616498115e+00
8.282695459946870287e+00
8.291048391783293781e+00
8.291048391783293781e+00
8.299701812173273296e+00
8.299701812173273296e+00
5.981283066677264060e+00
5.934756833661115394e+00
6.060953272490961830e+00
8.337301179021523012e+00
8.347442398901256055e+00
8.310035428890449438e+00
8.310035428890449438e+00
8.320826115809621726e+00
8.273075216033360491e+00
8.284223520264440310e+00
8.295665887720636178e+00
8.295665887720636178e+00
8.295665887720636178e+00
8.200519151522057015e+00
8.152995149493360572e+00
8.152995149493360572e+00
8.007755363876544408e+00
8.007755363876544408e+00
8.007755363876544408e+00
8.007755363876544408e+00
8.007755363876544408e+00
8.007755363876544408e+00
8.007755363876544408e+00
