# Maximum of third term in the reconnection rate during the 2023/10/10 - 2023/10/11 storm
7.693701297549700169e-02
8.901351942494825642e-02
7.986402073542343827e-02
5.650940803588813677e-02
5.662200490942327635e-02
4.653295081799226768e-02
5.080615909671951091e-02
7.710516899482418307e-02
8.911501955562828314e-02
8.577191326434843721e-02
8.010831965635388519e-02
8.202364714655475952e-02
9.323309016580537401e-02
1.033013167614928729e-01
1.117183820277651146e-01
1.163748211551695194e-01
1.191185156295509751e-01
1.190067868366304071e-01
1.114775578365919534e-01
1.098456187958928160e-01
1.204314806988481951e-01
1.051664702542074448e-01
1.069057029055976993e-01
1.159811241029796297e-01
1.316899956581363274e-01
1.166209923015294608e-01
1.067082957918805974e-01
1.053341009489215663e-01
9.934290160060858799e-02
1.087645758786544015e-01
1.087145755936540364e-01
1.069812225188763039e-01
9.851420688546255744e-02
1.380118895155893477e-01
1.016481059851165186e-01
1.312987662554367108e-01
1.538682852477027685e-01
1.515542718996670812e-01
1.590985589565462877e-01
1.400103014862983941e-01
1.615995069946331852e-01
1.577979460579161108e-01
1.511865413115806300e-01
1.265151281032453612e-01
1.060932203961166970e-01
9.171039340072892343e-02
7.610132199858171687e-02
6.827788197414674798e-02
6.476326677624846817e-02
5.734513204939430120e-02
6.309754545707491058e-02
7.271547035715152096e-02
7.610290571973178653e-02
7.778989887245897628e-02
7.199859911062087003e-02
7.689998268158178274e-02
7.724416379594969961e-02
7.939675889135540399e-02
6.452195339242466909e-02
6.049571930234432654e-02
5.188897753392791856e-02
3.854734329507187446e-02
4.243659976113320353e-02
5.271269710597764613e-02
5.475343191020003164e-02
5.339533925548126114e-02
4.631303255262780860e-02
4.349085428091398198e-02
4.564948615316197222e-02
5.152585658280792180e-02
5.068206792812655903e-02
5.031531161243309874e-02
5.986116609407532430e-02
6.200043545540132733e-02
6.287281455232951455e-02
6.614375616539268365e-02
6.834910435757292346e-02
6.661381168723898294e-02
5.887681827681615077e-02
5.917192917503426991e-02
5.299019983397101896e-02
5.632308704618420314e-02
5.617312012465328769e-02
6.192013483234080906e-02
6.649558549264120155e-02
5.903608491476896453e-02
6.306138067466242336e-02
6.605494073020755363e-02
7.205309668084934616e-02
6.571691512870506124e-02
5.974777410952221424e-02
6.489314450943534096e-02
6.753881252963343795e-02
7.865446434443075507e-02
7.782425458181117806e-02
9.218858075854899359e-02
9.296871770965008108e-02
9.103523224282579485e-02
7.929212848521600965e-02
7.523253345344647902e-02
7.741392614834644026e-02
8.186003726306334549e-02
8.170410735900751620e-02
7.807746078772226372e-02
6.093145673370107401e-02
4.831496887733578716e-02
3.578224608084522307e-02
3.347452787548180209e-02
3.466144439964841117e-02
3.330075384216109324e-02
3.441911565417097446e-02
3.898177060446630232e-02
4.296408647341961456e-02
4.169109953770864380e-02
3.561429246186425396e-02
3.117080766456601509e-02
3.352500769521140483e-02
3.449322275902506896e-02
3.448908886766000048e-02
3.329518182412009863e-02
3.758485444009530829e-02
4.006897125760254530e-02
4.226196075839190602e-02
4.962759695691339179e-02
5.000751653964137511e-02
5.043656356115316930e-02
4.993787989235224517e-02
5.061586249378499658e-02
5.413492936281180667e-02
5.320841740616918947e-02
5.666748285716221439e-02
5.839690536902839013e-02
5.795473524939859233e-02
6.300326713270448797e-02
6.507576534068906793e-02
6.858211444446345173e-02
7.333799470981762492e-02
7.359553125953968711e-02
7.680423586089424326e-02
7.741538865564258354e-02
7.580496433527940392e-02
9.038388851676384950e-02
1.588823064571571186e-01
2.606289606252089608e-01
3.519705902970365896e-01
3.985415797174563513e-01
4.499715224163189364e-01
5.592462953940828818e-01
6.867148769477624537e-01
7.950501821520019607e-01
8.755982270272482104e-01
1.072923482872309764e+00
1.303333211598239227e+00
1.469593601726614240e+00
1.698165969445076584e+00
2.134303382005928729e+00
2.466169645906052033e+00
2.868489350501541413e+00
3.773659310248908660e+00
4.103311109157377068e+00
4.758992207430688737e+00
5.077458750587386938e+00
4.358874304349259710e+00
3.928274103242717530e+00
3.748919279079427458e+00
4.641456648495941195e+00
5.653660645048104172e+00
6.488554877355622530e+00
7.724263940176247623e+00
7.257863131369194143e+00
8.024064687714686173e+00
8.588874620756001832e+00
8.619787658565668309e+00
7.484773862348200524e+00
7.485486147100384180e+00
8.229856998218354036e+00
7.064309948514161164e+00
7.013539873606712938e+00
5.493793423436558854e+00
5.252855536782476520e+00
5.831744136435289327e+00
4.516056785573764110e+00
4.618325189940888365e+00
3.805775180960328630e+00
2.794886807069983270e+00
2.256277513859238582e+00
1.437465917978370422e+00
9.862494248738973290e-01
7.861621172919853739e-01
5.073249756858508874e-01
3.063445955885285565e-01
2.429559818941721683e-01
2.010640699627591621e-01
1.414507461534556809e-01
1.518679702179204505e-01
1.463691638000689244e-01
1.603565384070624877e-01
2.013133638380431578e-01
2.065915684503691341e-01
1.875552233685219838e-01
1.852918578345838230e-01
1.704655636452440393e-01
1.482851415137412809e-01
1.207209268614357067e-01
9.696309903764344096e-02
8.736030555026358391e-02
7.917723673839087428e-02
9.589662047984383320e-02
9.030808056998888833e-02
8.316208110643782958e-02
8.113038367391282868e-02
7.469118219090239985e-02
7.139499026827630934e-02
6.588512466170323711e-02
6.057233100749172261e-02
6.192190802153727663e-02
5.943525077486175312e-02
6.807955457205408512e-02
6.532699732722542507e-02
6.503659246088069890e-02
6.630415147110386986e-02
6.364299616005293647e-02
5.768011038950936198e-02
5.462868140384125049e-02
5.312879788561807037e-02
5.155759784449024524e-02
5.111872833862985549e-02
5.427871292397239839e-02
5.783417712431818819e-02
5.903368220436638891e-02
5.958996720527853785e-02
5.638281999937765770e-02
4.813691546721748926e-02
4.618553272586951863e-02
5.234747079798118125e-02
4.590414328488305606e-02
4.005646785203995086e-02
3.746919084042456966e-02
3.610224893514308447e-02
4.289578868803078232e-02
4.936549324794153870e-02
5.143147120459138494e-02
5.099500151012662658e-02
4.702531995033185086e-02
5.024140906083703756e-02
5.349997209539722465e-02
6.229005640194654886e-02
5.994164211558916655e-02
6.663291014532010670e-02
5.531342908530353236e-02
3.999813303706477308e-02
2.616845224802106032e-02
2.351296763897095868e-02
2.967151821852543475e-02
3.571021791572653176e-02
4.255182579912462210e-02
4.959186437214318371e-02
5.184285309714033868e-02
5.002955366144903881e-02
4.811564218202274423e-02
3.689439065630401721e-02
3.433540791682601623e-02
3.460488445588424250e-02
3.207624539922795254e-02
3.424623858921375941e-02
4.367359261168411028e-02
5.180883620910065740e-02
4.672666549728367313e-02
4.173876247712674653e-02
3.649599185398496454e-02
4.145949281725142682e-02
4.483274626551869702e-02
4.532513943233975467e-02
5.053062385968973280e-02
5.543218080755245997e-02
6.330069900026746854e-02
6.904738251748940292e-02
7.562851499926857846e-02
8.104492209309584194e-02
9.349228407023305043e-02
9.997138166697777661e-02
1.425789908564497055e-01
1.428147048706950861e-01
1.413575331515461164e-01
