# Maximum of the total reconnection rate during the 2023/10/10 - 2023/10/11 storm
2.970205642112189182e-01
3.309218407744081158e-01
3.380356079206171538e-01
3.202614525765556386e-01
3.517463058663294895e-01
3.324219747908570555e-01
3.426957998526105054e-01
3.496321285288190306e-01
3.620956377735822795e-01
3.571436376592203032e-01
3.388201738335402391e-01
3.508452648902727899e-01
3.632484860515679537e-01
3.875932466742848526e-01
3.979245259586028372e-01
4.124308912288686124e-01
4.073911699911236250e-01
3.999808131272468703e-01
3.928598115449214445e-01
3.944766607580929008e-01
3.920974802645817436e-01
3.732101920670615747e-01
3.783682501942867704e-01
3.874173773973280666e-01
4.131969744283160439e-01
3.959538480022068985e-01
3.890680846767781143e-01
4.010027770133555713e-01
3.876188676996316085e-01
3.924242748404885295e-01
3.782522218902669153e-01
3.739865847160397383e-01
3.524632847273062586e-01
3.457292691727200662e-01
3.851825339525267733e-01
4.435962133140887720e-01
4.903038010720608963e-01
4.737262776251339180e-01
4.770744240285129112e-01
4.333096076604821545e-01
4.811087474579353596e-01
4.831016205862898039e-01
4.883897301372579491e-01
4.615189573917532484e-01
4.463173112427381017e-01
4.520471481675930603e-01
4.327267992960421306e-01
4.171298756456440215e-01
4.057555893647931677e-01
3.794586290657763206e-01
3.967702044691141516e-01
3.692028014879226161e-01
3.457552530616835318e-01
3.238913928140527143e-01
3.006820499203676222e-01
2.958709430708406085e-01
2.851206246941002109e-01
2.731274320736761241e-01
2.401692672379061588e-01
2.287262542466512727e-01
2.098839011628529927e-01
1.842425925308094625e-01
1.823327548168375833e-01
1.838267355847383600e-01
1.738163784965454373e-01
1.829024837208507170e-01
1.805223601242428588e-01
1.673274346358257503e-01
1.588718306360725196e-01
1.677870034011541833e-01
1.706528677270396366e-01
1.681894520730507214e-01
1.623695106835543189e-01
1.562265750603109848e-01
1.462925892423612706e-01
1.457517904621033200e-01
1.399295517602291428e-01
1.534095523315461285e-01
1.586030557385630646e-01
1.626446686429580402e-01
1.394848440345657636e-01
1.334617690314188754e-01
1.359793674076334447e-01
1.372662686707401547e-01
1.251248146448508403e-01
1.027032555035518047e-01
1.000789057986134073e-01
1.212220001460394270e-01
1.356512150621244639e-01
1.225111685226338842e-01
1.046805656135184892e-01
1.213035455354256331e-01
1.067824003084111850e-01
1.256667104106903299e-01
1.271094227001179078e-01
1.507491213130944530e-01
1.525546224247947003e-01
1.622214052768361781e-01
1.422299015350669271e-01
1.378833099835306553e-01
1.352211843179104422e-01
1.394620136522654041e-01
1.486216122729156208e-01
1.531735396755982137e-01
9.536657195398462461e-02
9.549741011543223801e-02
9.482324504966094247e-02
9.541698459387486231e-02
9.537628686866535255e-02
9.514521863389541201e-02
9.496543630233515720e-02
9.509098252587332156e-02
9.469763253069082842e-02
9.470835365121378635e-02
9.416234703312859056e-02
9.299963231486679804e-02
9.536341198751192849e-02
1.002946299665151003e-01
1.034892956571192846e-01
1.051132738586756377e-01
1.188765321798636587e-01
1.277592772627433038e-01
1.348554351381040517e-01
1.514776154024159438e-01
1.535934885199443101e-01
1.557999620574169464e-01
1.600405751094255979e-01
1.650502172240669307e-01
1.788315653315959153e-01
1.817623514966622278e-01
1.956955742772817364e-01
2.059664594360648970e-01
2.101809015503073585e-01
2.296987976885230265e-01
2.411801289908127588e-01
2.562548472366502628e-01
2.742444240851624193e-01
2.811106426531811975e-01
2.949065381205557834e-01
3.027541714960088615e-01
3.051681150937611831e-01
3.404884102772468557e-01
3.568415569490009931e-01
3.684404206267700710e-01
4.400802127493013693e-01
4.872969291816667270e-01
5.381721683452729277e-01
6.415895908329944941e-01
7.610500692266756184e-01
8.624195796510484291e-01
9.354377820441569513e-01
1.121875422406334089e+00
1.360082642347893334e+00
1.550589301021464639e+00
1.813683679895198297e+00
2.317495358379601189e+00
2.710078830853202447e+00
3.216561871102484371e+00
4.398183006898785052e+00
4.939000856361380976e+00
5.872322649246772386e+00
6.242793751330147245e+00
5.022766532789726845e+00
4.423650915672582506e+00
4.201212390755049597e+00
5.556820106339102949e+00
6.904902136506812838e+00
7.809602936276394125e+00
1.016007247956105530e+01
9.260325535005121012e+00
1.057546074609874864e+01
1.146419160300413509e+01
1.141924627089880317e+01
9.866472869353899000e+00
1.002390712438699794e+01
1.167720634369493382e+01
9.140418742313860534e+00
8.542837789188833852e+00
6.443120352907568460e+00
6.340906919265154151e+00
7.584351539344771354e+00
5.289356782516829725e+00
5.577801306683531912e+00
4.443235300769677210e+00
3.085801473654752769e+00
2.410418179649510773e+00
1.501072383495408058e+00
1.095459235823531330e+00
9.092001507472702304e-01
6.407177871095643962e-01
4.261640826805878635e-01
4.039416168618200631e-01
3.711061710893704402e-01
3.134631447097476764e-01
3.019382246049032714e-01
2.899955136320373494e-01
2.992702927225365794e-01
3.624099102343588674e-01
3.739538861479487775e-01
3.558051956299830287e-01
3.577626122218570126e-01
3.476425785850623118e-01
3.209474203471261999e-01
2.793743764152688547e-01
2.420505718330734080e-01
2.317162705413102763e-01
2.190079808728389588e-01
2.555606637582420460e-01
2.442683750717730140e-01
2.286569935851993085e-01
2.264704228161391608e-01
1.871021884902069887e-01
1.697149993296611648e-01
1.440039437097900832e-01
1.318763924075009031e-01
1.282364268190221146e-01
1.202368873533237043e-01
1.259259298519014303e-01
1.308868136497876034e-01
1.251972890619450218e-01
1.308135564018579333e-01
1.286790792000019890e-01
1.077084432591031149e-01
1.037329215116649661e-01
1.017819309845216513e-01
1.028672282345320793e-01
9.581657042000149560e-02
1.040230650999337120e-01
1.209562134187581461e-01
1.289488661022276661e-01
1.246557917865030868e-01
1.043726968603997940e-01
8.932851440574264557e-02
8.794048872205692535e-02
9.358670502854560258e-02
9.415589096186424700e-02
8.768801126114195155e-02
8.822870261790380364e-02
8.883431797080289238e-02
8.961007429629980203e-02
9.035251304228097968e-02
9.066717207501678866e-02
9.792633181949385313e-02
9.605944630304109888e-02
9.217155819371260217e-02
9.240733293187888830e-02
9.367035944994506202e-02
1.090059186854561019e-01
1.012050018826279457e-01
1.043067322533764996e-01
9.347194994378549282e-02
9.247915843259930935e-02
9.233633530091529817e-02
9.384116373815731826e-02
9.314923480492996732e-02
9.321927633770200894e-02
9.185794448567541348e-02
1.005603791660382579e-01
1.021285476106835038e-01
9.568530879413783552e-02
8.971038229625859228e-02
8.992128003475433062e-02
9.710340665920286218e-02
9.071929580288146111e-02
9.532003357100365948e-02
1.045967974673368689e-01
1.044349844616057066e-01
1.045897199326374927e-01
1.071035033472402115e-01
1.046863092193476702e-01
1.164097781149591726e-01
1.324248484899897271e-01
1.231828675263878792e-01
1.290188451660702063e-01
1.531770597620015772e-01
1.735686306558662240e-01
1.956262992397467260e-01
2.254485910293013984e-01
2.324702062305574746e-01
2.550307720230705621e-01
2.665196407061636852e-01
3.541816164709483683e-01
3.461259251690853578e-01
3.348198228188723480e-01
