# Radius of the maximum total reconnection rate during the 2023/10/10 - 2023/10/11 storm
8.021190439818989049e+00
8.017354144021444640e+00
8.017354144021444640e+00
8.218522416890550630e+00
8.218522416890550630e+00
8.218522416890550630e+00
8.218522416890550630e+00
8.013835926253062070e+00
8.010636205607070792e+00
8.010636205607070792e+00
8.013835926253062070e+00
8.091833858513108879e+00
8.099750599838412057e+00
8.107975810818530249e+00
8.107975810818530249e+00
8.107975810818530249e+00
8.107975810818530249e+00
8.124401251002426605e+00
8.115876806274350486e+00
8.124085690332030651e+00
8.132601530661975886e+00
8.124085690332030651e+00
8.124085690332030651e+00
8.124085690332030651e+00
8.124085690332030651e+00
8.124085690332030651e+00
8.124401251002426605e+00
8.053725174223545835e+00
8.053725174223545835e+00
8.053725174223545835e+00
8.099750599838410281e+00
8.091833858513108879e+00
8.091833858513108879e+00
8.107975810818530249e+00
8.260527070367343683e+00
8.032688334262738650e+00
8.024066458020698178e+00
8.021510048318564401e+00
8.002951656495961075e+00
8.010956235182851159e+00
8.001029366001514376e+00
8.002951656495961075e+00
8.005193745327868982e+00
8.007755363876544408e+00
8.218522416890550630e+00
8.218522416890550630e+00
8.218522416890550630e+00
8.218522416890550630e+00
8.218522416890550630e+00
8.218522416890550630e+00
8.218522416890550630e+00
8.218522416890550630e+00
8.218522416890550630e+00
8.195719109778353939e+00
8.218522416890550630e+00
8.184763485053256460e+00
8.007755363876544408e+00
8.005193745327868982e+00
8.060256151564638927e+00
8.063436182122174500e+00
8.060256151564638927e+00
6.027870159816964168e+00
8.047842025970817659e+00
5.934756833661115394e+00
5.888292903423978153e+00
5.888292903423978153e+00
5.997548473680024195e+00
5.904814466766469927e+00
5.766209878036414160e+00
5.674156629750821246e+00
5.582399387697074111e+00
5.445351256110527061e+00
5.399833232952347295e+00
5.309056931208878893e+00
5.218642008930338250e+00
5.218642008930338250e+00
5.173575988901517597e+00
5.263803132020172804e+00
5.309056931208878893e+00
5.309056931208878893e+00
5.263803132020172804e+00
5.218642008930338250e+00
5.218642008930338250e+00
5.173575988901517597e+00
5.173575988901517597e+00
5.598798000981616063e+00
7.929827331358651143e+00
6.483768702417155971e+00
5.576426000508105219e+00
7.506260784781933815e+00
5.681923597787415403e+00
7.478202025067216319e+00
5.547849057639366421e+00
7.192115451568096951e+00
5.513435691186523435e+00
8.107975810818530249e+00
8.112717331467955262e+00
5.431742173637994497e+00
5.547159466546852435e+00
5.455098789688161531e+00
5.534081057820849026e+00
5.561584396356151316e+00
7.267217149306781643e+00
8.107975810818530249e+00
1.254110330681853736e+00
1.254110330681853736e+00
1.253100624887552472e+00
1.253100624887552472e+00
1.253100624887552472e+00
1.253100624887552472e+00
1.253100624887552472e+00
1.253100624887552472e+00
1.253100624887552472e+00
1.253100624887552472e+00
1.253100624887552472e+00
1.253100624887552472e+00
5.427431227754349941e+00
5.427431227754349941e+00
5.381761642183271910e+00
5.290675280944355130e+00
5.336175606687437067e+00
5.336175606687437067e+00
5.336175606687437067e+00
5.336175606687437067e+00
5.336175606687437067e+00
5.336175606687437067e+00
5.381761642183271910e+00
5.381761642183271910e+00
5.427431227754349941e+00
5.427431227754349941e+00
5.381761642183271910e+00
5.381761642183271910e+00
5.336175606687437067e+00
5.290675280944355130e+00
5.245262895436603401e+00
5.199940754177019286e+00
5.199940754177019286e+00
5.154711237549287617e+00
5.154711237549287617e+00
5.154711237549287617e+00
5.154711237549287617e+00
5.109576805268856603e+00
5.019603447919657846e+00
4.974769867377560217e+00
8.278670672131283936e+00
8.278670672131283936e+00
8.278670672131283936e+00
8.278670672131283936e+00
8.278670672131283936e+00
8.278670672131283936e+00
8.278670672131283936e+00
8.278670672131283936e+00
8.242506854180192022e+00
8.242506854180192022e+00
8.242506854180192022e+00
8.242506854180192022e+00
8.242506854180192022e+00
8.338996099805521922e+00
8.338996099805521922e+00
8.338996099805521922e+00
8.338996099805521922e+00
8.338996099805521922e+00
8.242506854180192022e+00
8.242506854180192022e+00
8.242506854180192022e+00
8.338996099805521922e+00
8.338996099805521922e+00
8.338996099805521922e+00
8.338996099805521922e+00
8.338996099805521922e+00
8.338996099805521922e+00
8.338996099805521922e+00
8.338996099805521922e+00
8.338996099805521922e+00
8.338996099805521922e+00
8.338996099805521922e+00
8.338996099805521922e+00
8.338996099805521922e+00
8.242506854180192022e+00
8.338996099805521922e+00
8.338996099805521922e+00
8.242506854180192022e+00
8.338996099805521922e+00
8.338996099805521922e+00
8.242506854180192022e+00
8.242506854180192022e+00
8.278670672131283936e+00
8.278670672131283936e+00
8.278670672131283936e+00
8.278670672131283936e+00
5.582399387697074111e+00
5.490952991240330761e+00
5.445351256110527061e+00
5.309056931208878893e+00
4.930042067084957402e+00
5.399833232952346407e+00
8.057393050977861293e+00
8.063436182122174500e+00
8.066932767843711716e+00
8.066932767843711716e+00
8.066932767843711716e+00
8.066932767843711716e+00
8.066932767843711716e+00
8.063436182122174500e+00
8.063436182122174500e+00
8.063436182122174500e+00
8.066932767843711716e+00
8.070745497294305792e+00
8.074873922651310210e+00
8.074873922651310210e+00
8.079317559965330631e+00
8.079317559965330631e+00
8.084075889441308505e+00
8.084075889441308505e+00
5.336175606687437067e+00
5.336175606687437067e+00
5.290675280944355130e+00
5.336175606687437067e+00
5.381761642183271910e+00
5.381761642183271910e+00
8.093211760736247484e+00
8.059063036626280763e+00
8.266894672559052637e+00
8.266894672559052637e+00
8.266894672559052637e+00
8.266894672559052637e+00
8.266894672559052637e+00
7.901066051200499984e+00
8.266731829986657232e+00
8.300477879228033373e+00
7.928857380156754786e+00
8.009735709661612191e+00
8.266894672559052637e+00
7.028259673274737551e+00
8.266894672559052637e+00
8.133834700768428405e+00
1.254110330681853736e+00
1.254110330681853736e+00
1.254110330681853736e+00
1.254110330681853736e+00
1.254110330681853736e+00
1.254110330681853736e+00
8.242506854180192022e+00
8.146117780469305458e+00
1.254110330681853736e+00
1.254110330681853736e+00
1.254110330681853736e+00
8.279139059511930299e+00
8.255412427019983568e+00
7.952611388341373377e+00
1.253100624887552472e+00
1.253100624887552472e+00
1.253100624887552472e+00
1.253100624887552472e+00
1.253100624887552472e+00
1.253100624887552472e+00
6.748709905289575595e+00
8.192915131748447877e+00
8.266894672559052637e+00
8.266894672559052637e+00
1.253100624887552472e+00
5.381761642183271910e+00
5.427431227754349941e+00
8.266894672559052637e+00
8.266894672559052637e+00
8.266894672559052637e+00
8.266894672559052637e+00
8.266894672559052637e+00
8.266894672559052637e+00
8.266894672559052637e+00
8.089148355739345320e+00
8.089148355739345320e+00
8.084075889441308505e+00
8.089148355739345320e+00
8.084075889441308505e+00
8.084075889441308505e+00
8.079317559965330631e+00
8.079317559965330631e+00
8.074873922651310210e+00
8.074873922651310210e+00
8.074873922651310210e+00
8.029815404136723345e+00
8.029815404136723345e+00
8.025344357500269865e+00
